Estación:       PSA. JALPAN,  QRO
Operada por:    SMN EMAS
Longitud:       99°28'19  Longitud: 21°12'23  Altitud: 773

DD/MM/AAAA HH:MM      DIRS      DIRR      VELS      VELR      TEMP        HR        PB      PREC   RADSOL     NIVEL
25/01/2018 22:00          14         356        0.29       70.60        18.2          59       932.5         0.0        62.7      16.735
25/01/2018 23:00           3         357        5.28       67.00        17.7          61       932.9         0.0        21.8      16.737
26/01/2018 00:00         158         155       13.14       62.60        16.9          62       933.0         0.0         2.8      16.736
26/01/2018 01:00         167         158        5.76       70.90        16.2          71       933.3         0.0         0.0      16.732
26/01/2018 02:00         170         157       17.11       81.70        15.8          76       933.7         0.0         0.0      16.730
26/01/2018 03:00          43         180        1.69       65.20        15.8          74       934.1         0.0         0.0      16.733
26/01/2018 04:00         169         180       10.60       60.80        15.5          76       934.2         0.0         0.0      16.734
26/01/2018 05:00           5         170        8.36       32.40        14.9          78       933.9         0.0         0.0      16.733
26/01/2018 06:00         345         325       14.31       36.00        14.6          78       933.9         0.0         0.0      16.732
26/01/2018 07:00         348         180        4.92       55.40        14.5          80       933.6         0.0         0.0      16.732
26/01/2018 08:00         186         180        1.98       56.90        14.4          82       933.1         0.0         0.0      16.730
26/01/2018 09:00         348         358        3.51       67.00        14.3          82       932.6         0.0         0.0      16.730
26/01/2018 10:00         193         358        1.52       69.10        14.2          83       932.5         0.0         0.0      16.730
26/01/2018 11:00         160         174       17.49       54.40        14.1          85       932.6         0.0         0.0      16.729
26/01/2018 12:00         166         169       25.82       38.50        14.1          87       932.7         0.0         0.0      16.727
26/01/2018 13:00         165         171       24.58       38.20        13.8          90       933.0         0.0         2.8      16.726
26/01/2018 14:00         169         359       11.38       61.20        14.1          91       933.6         0.0        56.3      16.726
26/01/2018 15:00          67         146        0.60      104.40        15.1          87       933.9         0.0       180.2      16.722
26/01/2018 16:00         167         359        4.43       67.00        16.4          80       933.9         0.0       257.3      16.720
26/01/2018 17:00          10         140        1.26       43.90        17.8          73       933.3         0.0       442.8      16.716
26/01/2018 18:00           1         358        2.12       70.20        20.5          63       931.9         0.0       654.3      16.714
26/01/2018 19:00         359         352        0.45       68.40        21.4          57       930.5         0.0       617.0      16.708
26/01/2018 20:00          22         155        0.71       73.10        22.9          51       929.1         0.0       657.8      16.713
26/01/2018 21:00           2         155        1.42       74.20        23.7          48       927.9         0.0       555.5      16.709
26/01/2018 22:00           2         359        1.22       68.00        24.9          45       927.1         0.0       362.2      16.710
26/01/2018 23:00         351         354        3.83       75.60        25.2          44       927.1         0.0       152.7      16.711
27/01/2018 00:00         358         158        1.53       46.80        20.9          58       927.6         0.0         3.3      16.712
27/01/2018 01:00          29         352        0.75       64.10        18.2          70       928.9         0.0         0.0      16.709
27/01/2018 02:00         151         180        2.12       69.80        18.2          72       929.8         0.0         0.0      16.702
27/01/2018 03:00          49         359        1.27       65.20        18.0          75       930.2         0.0         0.0      16.708
27/01/2018 04:00         151         180        1.80       43.20        17.6          78       930.2         0.0         0.0      16.708
27/01/2018 05:00         156         180        6.14       59.80        17.3          79       930.2         0.0         0.0      16.709
27/01/2018 06:00         170         155        7.64       67.30        16.8          82       929.8         0.0         0.0      16.711
27/01/2018 07:00         174         180        6.36       63.40        16.1          86       929.7         0.0         0.0      16.710
27/01/2018 08:00         170         154        8.79       70.90        16.0          87       929.4         0.0         0.0      16.711
27/01/2018 09:00         168         161        6.28       96.10        16.0          88       929.1         0.0         0.0      16.711
27/01/2018 10:00         164         180        6.62       65.50        15.9          86       928.7         0.0         0.0      16.711
27/01/2018 11:00         157         179        9.46       40.70        15.7          86       928.6         0.0         0.0      16.708
27/01/2018 12:00         174         174        7.98       33.50        15.4          88       928.9         0.0         0.0      16.713
27/01/2018 13:00         164         176       14.14       55.80        15.2          90       929.6         0.0         4.8      16.712
27/01/2018 14:00         168         357        3.40       68.80        15.8          88       930.1         0.0        48.3      16.712
27/01/2018 15:00         359         180        0.57       56.90        17.0          82       930.5         0.0       141.3      16.710
27/01/2018 16:00          10         358        3.74       68.00        18.9          75       930.6         0.0       301.8      16.709
27/01/2018 17:00         359          14       19.59       40.30        21.7          65       930.1         0.0       642.5      16.703
27/01/2018 18:00         350         359        6.68       62.30        23.0          54       929.0         0.0       641.8      16.705
27/01/2018 19:00          10         161        6.99       66.20        24.4          48       927.6         0.0       725.5      16.700
27/01/2018 20:00          57         158        8.40       68.00        25.1          46       926.4         0.0       747.8      16.706
27/01/2018 21:00          89         146       16.04       63.70        26.1          44       925.5         0.0       560.7      16.705
27/01/2018 22:00          73         152       20.73       91.10        25.2          45       925.2         0.0       340.0      16.705
27/01/2018 23:00          41         148       28.57       63.70        24.1          47       925.6         0.0        81.3      16.703
28/01/2018 00:00           8         149       22.14       61.90        22.7          50       926.3         0.0         4.0      16.706
28/01/2018 01:00          14         345       13.68       33.80        21.8          54       927.4         0.0         0.0      16.713
28/01/2018 02:00          16         353        4.11       65.20        20.8          62       928.3         0.0         0.0      16.710
28/01/2018 03:00           2         357        1.43       69.50        19.7          68       929.0         0.0         0.0      16.710
28/01/2018 04:00         134         157        1.04       78.50        19.2          72       929.5         0.0         0.0      16.710
28/01/2018 05:00          39         359        1.53       63.70        18.6          76       929.8         0.0         0.0      16.714
28/01/2018 06:00         132         162        2.16      101.20        18.1          79       929.9         0.0         0.0      16.709
28/01/2018 07:00         162         180        4.15       68.40        17.9          80       929.9         0.0         0.0      16.715
28/01/2018 08:00         121         152        2.54       69.80        17.8          82       929.5         0.0         0.0      16.717
28/01/2018 09:00         106         180        1.01       32.80        17.6          85       929.2         0.0         0.0      16.716
28/01/2018 10:00         167         358       10.72       68.00        17.3          88       929.3         0.0         0.0      16.716
28/01/2018 11:00         167         359        4.79       64.80        16.9          93       929.2         0.0         0.0      16.716
28/01/2018 12:00         109         180        5.62       36.00        16.8          96       929.5         0.0         0.0      16.718
28/01/2018 13:00           2         165        8.43       55.40        16.8          99       930.4         0.0         2.2      16.719
28/01/2018 14:00          43         169       11.55       54.00        17.0          98       931.2         0.0        25.3      16.717
28/01/2018 15:00          13         163       12.29       54.70        17.1          95       932.2         0.0        56.8      16.719
28/01/2018 16:00          59         174        8.34       53.60        17.2          96       932.7         0.0        94.7      16.714
28/01/2018 17:00         175         174       19.78       60.50        16.5          99       932.8         0.0       129.3      16.718
28/01/2018 18:00         171         180       17.67       64.80        16.7          99       932.2         0.0       173.2      16.719
28/01/2018 19:00          48         180        7.93       63.40        16.7         100       931.6         0.0       136.2      16.719
28/01/2018 20:00         184         175       13.32       59.00        16.6         100       930.9         0.0       152.7      16.722
28/01/2018 21:00         141         172       16.32       31.00        16.6         100       930.7         0.0       100.2      16.720
28/01/2018 22:00         105         172        2.10       45.00        16.3         100       930.7         0.0        62.5      16.722
28/01/2018 23:00         186         174       17.44       53.60        16.1         100       931.0         0.0        23.8      16.721
29/01/2018 00:00         285         180        5.44       57.20        15.8         100       931.3         0.0         2.7      16.724
29/01/2018 01:00         172         175       22.57       55.10        15.8         100       931.9         0.0         0.0      16.725
29/01/2018 02:00         152         174       17.75       54.70        15.8         100       932.6         0.0         0.0      16.724
29/01/2018 03:00         175         180       19.47       61.90        15.8         100       933.1         0.0         0.0      16.726
29/01/2018 04:00         168         172       22.34       56.20        15.9         100       933.7         0.0         0.0      16.725
29/01/2018 05:00          26         175       14.48       49.30        15.3         100       933.8         0.0         0.0      16.727
29/01/2018 06:00         154         359        6.45       64.40        14.9         100       934.0         0.0         0.0      16.725
29/01/2018 07:00         170         356        3.51       70.60        14.8         100       934.1         0.0         0.0      16.727
29/01/2018 08:00         137         174       12.57       55.40        14.3         100       934.2         0.0         0.0      16.732
29/01/2018 09:00         168         169       24.48       58.30        14.0         100       933.9         0.0         0.0      16.732
29/01/2018 10:00         162         172       29.15       85.70        13.7         100       933.9         0.0         0.0      16.735
29/01/2018 11:00         119         350        4.85       66.60        13.1         100       934.6         0.0         0.0      16.737
29/01/2018 12:00         152         175       15.08       76.70        13.1         100       935.6         0.0         0.0      16.740
29/01/2018 13:00         195         180       10.95       56.20        12.9         100       936.7         0.0         1.8      16.741
29/01/2018 14:00         172         177       23.62       55.40        13.0         100       937.4         0.0        39.2      16.739
29/01/2018 15:00         164         180       13.33       37.40        13.6         100       938.1         0.0       143.5      16.733
29/01/2018 16:00           0         140        1.03       43.20        14.2         100       938.6         0.0       143.3      16.740
29/01/2018 17:00           3          17       22.81       47.20        14.6         100       938.6         0.0       141.2      16.735
29/01/2018 18:00          80         175       13.39       75.20        13.7         100       938.3         0.0       111.0      16.738
29/01/2018 19:00          69         180        5.74       58.70        13.6         100       937.7         0.0        82.7      16.741
29/01/2018 20:00          14          13       22.62       45.00        14.0         100       936.9         0.0       146.0      16.744
29/01/2018 21:00           8           4       24.22       54.00        14.2          98       936.8         0.0        85.7      16.742
29/01/2018 22:00         351         347       10.01       72.40        13.7          98       936.9         0.0        36.7      16.743
29/01/2018 23:00         142         169       10.29       54.70        13.0         100       937.7         0.0         5.0      16.742
30/01/2018 00:00         170         159       19.43       39.20        12.4         100       938.6         0.0         0.5      16.742
30/01/2018 01:00         304         179        4.33       34.60        12.4         100       939.5         0.0         0.0      16.743
30/01/2018 02:00         159         168        9.82       39.20        12.4         100       940.2         0.0         0.0      16.743
30/01/2018 03:00         163         179       11.44       42.80        12.4         100       940.9         0.0         0.0      16.741
30/01/2018 04:00         158         359       10.68       66.20        12.2         100       941.1         0.0         0.0      16.744
30/01/2018 05:00         158         143        6.06       48.60        11.8         100       940.8         0.0         0.0      16.743
30/01/2018 06:00          37         180        5.31       36.00        11.2         100       940.4         0.0         0.0      16.747
30/01/2018 07:00          43         171        9.23       28.40        10.8         100       940.1         0.0         0.0      16.744
30/01/2018 08:00          24         171        8.22       27.70        10.7         100       939.3         0.0         0.0      16.747
30/01/2018 09:00         161         359        1.35       53.30        10.6         100       938.7         0.0         0.0      16.741
30/01/2018 10:00          58         180        4.55       40.70        10.1         100       938.3         0.0         0.0      16.744
30/01/2018 11:00         281         146        0.60       51.80         9.6         100       938.6         0.0         0.0      16.746
30/01/2018 12:00          95         180        4.24       38.90         9.3         100       939.2         0.0         0.0      16.746
30/01/2018 13:00         149         180        8.05       43.90         9.0         100       939.6         0.0         6.8      16.743
30/01/2018 14:00         151         180       10.97       59.40         9.1         100       940.2         0.0       113.8      16.738
30/01/2018 15:00          26         172        8.55       51.80        11.2         100       940.8         0.0       311.5      16.742
30/01/2018 16:00         131         163        3.31       48.20        12.9          88       940.8         0.0       539.3      16.737
30/01/2018 17:00          22         145        7.51       41.40        14.6          63       940.2         0.0       767.3      16.731
30/01/2018 18:00           0          11       19.96       57.60        16.9          46       938.5         0.0       839.5      16.730
30/01/2018 19:00         353         179       16.44       49.00        17.7          39       937.1         0.0       699.5      16.734
30/01/2018 20:00         356         351       12.82       57.20        18.2          36       935.6         0.0       672.3      16.734
30/01/2018 21:00         359         353       24.00       66.20        19.0          32       934.6         0.0       591.8      16.736
30/01/2018 22:00         344         168       16.64       83.20        18.0          32       934.5         0.0       231.8      16.737
30/01/2018 23:00          16          23       14.37       50.80        16.5          37       934.4         0.0        75.0      16.739
31/01/2018 00:00         169         180        2.99       39.60        14.6          45       934.7         0.0         8.3      16.743
31/01/2018 01:00         168         155       11.99       73.10        12.6          61       935.0         0.0         0.0      16.736
31/01/2018 02:00         165         180       20.65       47.50        12.0          67       935.8         0.0         0.0      16.737
31/01/2018 03:00         163         180       14.68       47.50        11.4          70       936.2         0.0         0.0      16.742
31/01/2018 04:00         165         179       18.49       40.00        11.0          73       936.0         0.0         0.0      16.744
31/01/2018 05:00         167         170       14.84       42.50        10.7          76       935.9         0.0         0.0      16.742
31/01/2018 06:00          66         354        4.51       65.50        10.3          80       935.4         0.0         0.0      16.748
31/01/2018 07:00         137         179        5.82       34.90         9.8          86       935.0         0.0         0.0      16.748
31/01/2018 08:00         136         175        6.93       42.50         9.6          88       934.2         0.0         0.0      16.748
31/01/2018 09:00         158         178        8.18       40.00         9.2          91       933.2         0.0         0.0      16.748
31/01/2018 10:00         148         143        9.33       47.90         8.9          95       932.7         0.0         0.0      16.749
31/01/2018 11:00         158         177       14.70       55.10         8.0          98       932.3         0.0         0.0      16.744
31/01/2018 12:00         132         164        4.52       42.10         7.8         100       932.2         0.0         0.0      16.749
31/01/2018 13:00         125         180        6.27       62.30         7.4         100       932.6         0.0         9.0      16.751
31/01/2018 14:00         160         173        7.79       59.40         8.6          98       932.8         0.0       168.3      16.744
31/01/2018 15:00         122         173        9.43       52.60        13.0          76       933.0         0.0       342.8      16.738
31/01/2018 16:00          55         157        9.89       53.30        15.0          62       932.8         0.0       476.2      16.743
31/01/2018 17:00           5         169       10.18       50.00        18.2          50       931.8         0.0       813.0      16.737
31/01/2018 18:00         349         349       17.05       70.90        19.8          44       930.4         0.0       687.7      16.735
31/01/2018 19:00         356         359       13.91       69.10        19.7          41       928.8         0.0       472.2      16.738
31/01/2018 20:00         356         349        5.48       77.40        21.0          38       927.3         0.0       494.0      16.743
31/01/2018 21:00         112         180        1.95       60.50        21.5          36       926.4         0.0       410.0      16.740
31/01/2018 22:00         146         359        1.29       68.00        21.7          36       926.1         0.0       267.8      16.739
31/01/2018 23:00          13         354        0.68       67.00        20.8          43       926.2         0.0        83.0      16.740
01/02/2018 00:00         145         359       16.76       60.10        18.6          53       926.9         0.0         4.0      16.735
01/02/2018 01:00          78         180        2.10       68.00        17.4          58       927.7         0.0         0.0      16.735
01/02/2018 02:00           1         160        4.25       82.80        16.0          65       928.6         0.0         0.0      16.741
01/02/2018 03:00         168         180        6.13       70.90        14.6          73       929.0         0.0         0.0      16.741
01/02/2018 04:00         165         355       16.04       58.70        13.5          76       929.0         0.0         0.0      16.737
01/02/2018 05:00         157           0       12.03       55.10        12.9          81       929.0         0.0         0.0      16.738
01/02/2018 06:00         161         180        2.81       32.00        11.7          86       928.7         0.0         0.0      16.747
01/02/2018 07:00         166         359       12.57       61.90        11.1          93       928.6         0.0         0.0      16.743
01/02/2018 08:00         160         180       12.22       37.40        10.6          96       928.2         0.0         0.0      16.743
01/02/2018 09:00         123         173        3.25       38.50        10.1         100       927.9         0.0         0.0      16.744
01/02/2018 10:00         102         150        5.37       67.30         9.4         100       927.8         0.0         0.0      16.747
01/02/2018 11:00         128         170        5.66       32.80         8.9         100       927.7         0.0         0.0      16.747
01/02/2018 12:00          76           0        0.97       62.30         8.5         100       927.9         0.0         0.0      16.747
01/02/2018 13:00         100         176        3.91       53.30         8.2         100       928.5         0.0        13.5      16.747
01/02/2018 14:00          69         179       10.06       31.70        10.3         100       929.5         0.0       203.3      16.741
01/02/2018 15:00         145         166       10.91       34.60        13.7          90       930.2         0.0       330.3      16.740
01/02/2018 16:00          28         169       11.27       55.10        17.6          72       930.3         0.0       594.5      16.736
01/02/2018 17:00         101         175        5.45       52.90        20.9          58       929.6         0.0       730.7      16.734
