0.0 0.7 0.0 0.1 0.0
0.12506253126563283 0.696349549838 -0.0582392208571 0.106075270498 0.0969628139697
0.25012506253126565 0.685502428723 -0.114810493571 0.124156365308 0.191611883546
0.3751875937968984 0.667772049976 -0.168035694837 0.153809679473 0.281643346809
0.5002501250625313 0.6436821362 -0.21623247632 0.194315215122 0.364786459869
0.6253126563281641 0.613965451835 -0.257748692695 0.244673331256 0.438850259648
0.7503751875937968 0.579556163629 -0.291030475719 0.303619040669 0.50179737408
0.8754377188594297 0.541571602597 -0.314719771874 0.369647169811 0.551840314396
1.0005002501250626 0.501280848431 -0.327766571631 0.441050117562 0.587546657214
1.1255627813906954 0.460059709625 -0.329535991924 0.515968103711 0.607935555974
1.2506253126563283 0.419332271847 -0.319890832246 0.592451551689 0.612548712883
1.375687843921961 0.380507201136 -0.299223220974 0.668527148409 0.601473280178
1.5007503751875937 0.344911490687 -0.268437371055 0.742265878164 0.575320019205
1.6258129064532265 0.313730529192 -0.228878820418 0.811844387058 0.535153821213
1.7508754377188593 0.287959241171 -0.18222723539 0.875595807198 0.482393166047
1.8759379689844922 0.268368084636 -0.130372174097 0.932046841572 0.418696761729
2.001000500250125 0.25548436192 -0.075293712876 0.979941052388 0.34585733634
2.126063031515758 0.249587336469 -0.0189646333642 1.01825004817 0.26571755101
2.251125562781391 0.250713686605 0.0367164430918 1.04617600795 0.180116002602
2.3761880940470235 0.258669270294 0.0899602665556 1.063149404 0.0908631862819
2.5012506253126565 0.273043640574 0.139097309202 1.0688252372 -0.000259703288652
2.626313156578289 0.293224864681 0.182573878226 1.06307999016 -0.0914899403677
2.751375687843922 0.318413658701 0.218946988166 1.04600997673 -0.181073457729
2.8764382191095548 0.347637362286 0.246889139986 1.0179302959 -0.267267643924
3.0015007503751874 0.379765572326 0.265210761471 0.979372166033 -0.348364991454
3.1265632816408204 0.413529830792 0.27290233647 0.931075817713 -0.422740420583
3.251625812906453 0.447549644882 0.26919234165 0.873976118652 -0.48891903961
3.376688344172086 0.480366234052 0.253612089901 0.809178952192 -0.545655634342
3.5017508754377187 0.510484489927 0.226055764451 0.737927216499 -0.592013790714
3.6268134067033517 0.536420984718 0.186822145492 0.661558289856 -0.627429162315
3.7518759379689843 0.55675592564 0.136630349708 0.581454730636 -0.65174738958
3.8769384692346174 0.570185126732 0.0766048689342 0.4989923295 -0.665228703628
4.00200100050025 0.575568280852 0.00823220006528 0.415489719052 -0.66851894539
4.127063531765883 0.571970301526 -0.0667030573707 0.332163554155 -0.662593133768
4.252126063031516 0.558694080192 -0.146193096416 0.250091748795 -0.648681160328
4.377188594297149 0.53530359662 -0.228082738112 0.17018666691 -0.628187204739
4.502251125562782 0.501637875649 -0.310139654998 0.093178213462 -0.602612916419
4.627313656828414 0.457816639479 -0.390116798327 0.0196059458018 -0.573490888323
4.752376188094047 0.404238632994 -0.465808776347 -0.050181346542 -0.542330941225
4.87743871935968 0.341572852881 -0.535108215105 -0.116019953796 -0.510576786347
5.002501250625313 0.270742715797 -0.596064423716 -0.177920780748 -0.479571830531
5.127563781890945 0.192902367235 -0.646950135752 -0.236054813171 -0.450527349897
5.252626313156578 0.109404114921 -0.686334433851 -0.29073457076 -0.424491144393
5.377688844422211 0.0217570281686 -0.713155799379 -0.342391843955 -0.402316034113
5.502751375687844 -0.0684236891133 -0.726788635854 -0.391551260946 -0.384628805598
5.6278139069534765 -0.159474672448 -0.727091364612 -0.438800189742 -0.371803783046
5.7528764382191095 -0.249746278894 -0.714426887785 -0.4847560878 -0.363945378631
5.877938969484743 -0.337665176203 -0.689650891868 -0.53003235934 -0.360882841061
6.003001500750375 -0.421794008623 -0.654066065215 -0.575204068957 -0.362179919946
6.128064032016008 -0.500882272797 -0.609347838009 -0.620776462704 -0.367159357489
6.253126563281641 -0.573907441323 -0.557450388748 -0.667156913614 -0.374940011727
6.378189094547274 -0.6401036755 -0.500503589758 -0.714632140714 -0.384483324452
6.503251625812906 -0.698976995026 -0.440710488532 -0.763351906016 -0.394646112879
6.628314157078539 -0.750308614012 -0.380254134146 -0.813319300674 -0.404235334656
6.753376688344172 -0.794147245647 -0.321217476124 -0.864387967508 -0.41206288978
6.878439219609805 -0.830792367216 -0.265518077906 -0.916266027347 -0.41699827659
7.003501750875437 -0.860770176289 -0.214856633056 -0.968526407938 -0.418017795595
7.12856428214107 -0.8848038895 -0.170677492373 -1.02062302691 -0.414248842359
7.2536268134067035 -0.903779751635 -0.134139321392 -1.071912132 -0.405007772816
7.3786893446723365 -0.918709943313 -0.106094722444 -1.12167788629 -0.389829643433
7.503751875937969 -0.930693476047 -0.0870784361868 -1.16916108286 -0.368488279587
7.628814407203602 -0.940876150731 -0.0773041391464 -1.21358970237 -0.341005812691
7.753876938469235 -0.950410669696 -0.0766705721601 -1.25421002195 -0.307650908194
7.878939469734868 -0.960418089161 -0.0847757557621 -1.2903167955 -0.268927987618
8.0040020010005 -0.971951515716 -0.100939425378 -1.32128164811 -0.225558222322
8.129064532266133 -0.98596307324 -0.12423213288 -1.34657868862 -0.178455157328
8.254127063531765 -1.00327484479 -0.153509939069 -1.36580687717 -0.128697010558
8.379189594797399 -1.02455446633 -0.187453600256 -1.37870879024 -0.0774973403728
8.504252126063031 -1.05029585415 -0.224612091909 -1.38518564803 -0.0261742844689
8.629314657328665 -1.08080569474 -0.263450739714 -1.3853083631 0.0238823622207
8.754377188594297 -1.11619626194 -0.302404540586 -1.37932425886 0.0712478681982
8.87943971985993 -1.15638526362 -0.339936812327 -1.36765884013 0.114504733009
9.004502251125563 -1.20110326346 -0.37460194342 -1.35091195106 0.152290728383
9.129564782391196 -1.24990905867 -0.405109508231 -1.32984760101 0.183352083936
9.254627313656828 -1.30221292586 -0.43038496043 -1.30537697148 0.206598698511
9.379689844922462 -1.35730701191 -0.449620649876 -1.27853456308 0.221156411003
9.504752376188094 -1.41440107423 -0.462310841851 -1.25044837727 0.226410262737
9.629814907453726 -1.47266136398 -0.468265601396 -1.22230552882 0.222033111826
9.75487743871936 -1.53124976934 -0.46760038875 -1.19531537743 0.207994911208
9.879939969984992 -1.58935998613 -0.460703572686 -1.17067304977 0.184552110134
10.005002501250626 -1.64624877182 -0.448185600864 -1.14952513309 0.152218582726
10.130065032516258 -1.70126001748 -0.430816900224 -1.13293995291 0.111722179236
10.25512756378189 -1.75384065737 -0.409464016978 -1.12188399613 0.063953947414
10.380190095047524 -1.80354886812 -0.385032532393 -1.11720491098 0.00991726596397
10.505252626313156 -1.85005614246 -0.35842213895 -1.11962021495 -0.0493179833797
10.630315157578789 -1.89314457879 -0.330499333916 -1.12971141111 -0.112651016015
10.755377688844423 -1.93270198861 -0.302087823022 -1.14792170174 -0.178974198022
10.880440220110055 -1.96871683595 -0.273975831287 -1.17455604659 -0.247185612738
11.005502751375689 -2.00127491211 -0.246936330684 -1.20978218041 -0.316192912094
11.13056528264132 -2.03055926223 -0.22175652665 -1.25363177211 -0.384911658125
11.255627813906953 -2.05685394065 -0.199269970091 -1.30600125267 -0.452263783141
11.380690345172587 -2.08055178183 -0.180387755346 -1.36665271693 -0.517180012865
11.505752876438219 -2.10216579808 -0.166124172051 -1.4352155922 -0.57861069494
11.630815407703851 -2.12234324309 -0.157614171037 -1.51119037067 -0.635547922446
11.755877938969485 -2.14188139288 -0.156122188395 -1.59395578893 -0.687059972035
11.880940470235117 -2.16174385589 -0.163043984679 -1.68278119771 -0.732337399623
12.00600300150075 -2.18307700035 -0.179906673517 -1.77684515728 -0.770747366047
12.131065532766383 -2.20722664581 -0.208374784077 -1.87526116803 -0.801891695842
12.256128064032016 -2.23575638584 -0.250273042571 -1.97711056718 -0.825663215014
12.38119059529765 -2.27047078962 -0.307642084278 -2.08148207074 -0.842294391203
12.506253126563282 -2.3134481816 -0.382841937493 -2.18751679356 -0.852396586953
12.631315657828914 -2.36709074821 -0.478729801735 -2.29445752619 -0.85698830716
12.756378189094548 -2.4342032563 -0.598944399295 -2.40170105335 -0.857517048453
12.88144072036018 -2.51811628873 -0.748348666033 -2.50885318928 -0.855882736364
13.006503251625812 -2.62287977769 -0.93372202826 -2.615787451 -0.854474458325
13.131565782891446 -2.75356541929 -1.16485898907 -2.72270986191 -0.856234500822
13.256628314157078 -2.91674747404 -1.45638076278 -2.83023424879 -0.864763843438
13.381690845422712 -3.1212834257 -1.83085307013 -2.93947381719 -0.884477051129
13.506753376688344 -3.37962363343 -2.3244255875 -3.0521545606 -0.920791319976
13.631815907953976 -3.71011118227 -2.99767903234 -3.17075047414 -0.980255875523
13.75687843921961 -4.14126402862 -3.95804861476 -3.29861468629 -1.07025111307
13.881940970485243 -4.72035217374 -5.41050296632 -3.4399849176 -1.19687009045
14.007003501750875 -5.53233474699 -7.78631904859 -3.59936807378 -1.35541012829
14.132066033016509 -6.74754770713 -12.1267622241 -3.77818499584 -1.48773636553
14.25712856428214 -8.76711888954 -21.5270464699 -3.95792806363 -1.25592260239
14.382191095547775 -12.8278581247 -49.1379492965 -3.9942598149 1.69834506532
14.507253626813407 -25.8065785763 -222.124835122 -2.32726620258 44.7396507898
14.632316158079039 -1.45011490212e+14 -1.26144934757e+28 1.11430561145e+14 9.69330195052e+27
14.757378689344673 3.60739284469e-313 4.68028406828e-310 6.90845774885e-310 2.8852502937e+214
14.882441220610305 4.68028406828e-310 6.90845774885e-310 7.49750006776e+130 4.68028406827e-310
15.007503751875937 6.90845774885e-310 4.94065645841e-324 4.68028406827e-310 6.90845774884e-310
15.132566283141571 6.90836949707e-310 4.68028406827e-310 6.90845774884e-310 4.88059031927e-313
15.257628814407203 4.68028406827e-310 6.90845774884e-310 4.68027391655e-310 4.68028406827e-310
15.382691345672836 6.90845774884e-310 4.94065645841e-324 4.68028406826e-310 6.90845774884e-310
15.50775387693847 6.90836949707e-310 4.68028406826e-310 6.90845774884e-310 9.88131291682e-324
15.632816408204102 4.68028406826e-310 6.90845774883e-310 6.15378779385e-313 4.68028406825e-310
15.757878939469736 6.90845774883e-310 4.94065645841e-324 4.68028406825e-310 6.90845774883e-310
15.882941470735368 6.90836949707e-310 4.68028406824e-310 6.90845774879e-310 4.94065645841e-324
16.008004002001 4.6802840683e-310 6.90845774891e-310 6.90836949707e-310 4.6802840683e-310
16.133066533266632 6.9084577489e-310 7.42698526863e-313 4.68028406829e-310 6.90845774626e-310
16.258129064532266 6.90836949707e-310 4.68028406828e-310 6.90845774879e-310 6.90836949707e-310
16.3831915957979 4.68028406828e-310 6.90845774879e-310 6.90836949707e-310 4.68028406828e-310
16.50825412706353 6.90845774879e-310 4.94065645841e-324 4.68028406827e-310 6.90845774879e-310
16.633316658329164 8.9123823221e-313 4.68028406827e-310 6.90845774876e-310 4.94065645841e-324
16.758379189594798 4.68028406827e-310 6.90845774876e-310 6.90836949707e-310 4.68028406827e-310
16.88344172086043 6.90845774875e-310 4.94065645841e-324 4.68028406827e-310 6.90845774878e-310
17.008504252126063 6.90836949707e-310 4.68028406826e-310 6.90845774875e-310 1.03977793758e-312
17.133566783391696 4.68028406826e-310 6.90845774878e-310 6.90836949707e-310 4.68028406826e-310
17.25862931465733 6.90845774878e-310 4.94065645841e-324 4.68028406825e-310 6.90845774878e-310
17.38369184592296 6.90836949707e-310 4.68027391655e-310 4.68028406828e-310 6.90845774806e-310
17.508754377188595 4.68027391655e-310 4.68028406828e-310 6.90845774806e-310 4.68027391655e-310
17.63381690845423 4.68028406828e-310 6.90845774806e-310 4.68027391655e-310 4.68028406828e-310
17.75887943971986 6.90845774805e-310 4.68027391655e-310 4.68028406827e-310 6.90845774805e-310
17.883941970985493 4.68027391655e-310 4.68028406827e-310 6.90845774806e-310 4.68027391655e-310
18.009004502251127 4.68028406827e-310 6.90845774808e-310 4.68027391655e-310 4.68028406827e-310
18.134067033516757 6.90845774808e-310 4.68027391655e-310 4.68028406827e-310 6.90845774808e-310
18.25912956478239 4.68027391655e-310 4.68028406826e-310 6.90845774808e-310 4.68027391655e-310
18.384192096048025 4.68028406826e-310 6.90845774808e-310 6.90836949707e-310 4.68028406826e-310
18.509254627313656 6.90845774807e-310 4.94065645841e-324 4.68028406825e-310 6.90845774807e-310
18.63431715857929 1.97626258336e-323 4.68028406828e-310 6.90845774885e-310 3.82293942627e-297
18.759379689844923 4.68028406828e-310 6.90845774885e-310 3.01169180605e-273 4.68028406828e-310
18.884442221110554 6.90845774885e-310 9.88131291682e-324 4.68028406828e-310 6.90845774885e-310
19.009504752376188 6.90836949707e-310 4.68028406827e-310 6.90845774885e-310 4.94065645841e-324
19.13456728364182 4.68028406827e-310 6.90845774884e-310 2.9740010907e+222 4.68028406827e-310
19.259629814907452 6.90845774884e-310 2.68367301882e-260 4.68028406827e-310 6.90845774884e-310
19.384692346173086 4.94065645841e-324 4.68028406827e-310 6.90845774884e-310 6.90836949707e-310
19.50975487743872 4.68028406826e-310 6.90845774884e-310 4.94065645841e-324 4.68028406826e-310
19.634817408704354 6.90845774884e-310 1.69288040282e+190 4.68028406826e-310 6.90845774883e-310
19.759879939969984 2.64625272913e-260 4.68028406825e-310 6.90845774883e-310 4.94065645841e-324
19.884942471235618 4.68028406825e-310 6.90845774883e-310 6.90836949707e-310 4.68028406824e-310
20.010005002501252 6.9084577488e-310 4.94065645841e-324 4.6802840683e-310 6.90845774891e-310
20.135067533766883 4.94065645841e-324 4.6802840683e-310 6.9084577489e-310 2.47032822921e-323
20.260130065032516 4.68028406829e-310 6.90845774525e-310 9.88131291682e-324 4.68028406828e-310
20.38519259629815 6.90845774879e-310 6.90836949707e-310 4.68028406828e-310 6.90845774879e-310
20.51025512756378 9.88131291682e-324 4.68028406828e-310 6.90845774879e-310 4.94065645841e-324
20.635317658829415 4.68028406827e-310 6.90845774879e-310 4.94065645841e-324 4.68028406827e-310
20.76038019009505 6.90845774876e-310 4.94065645841e-324 4.68028406827e-310 6.90845774876e-310
20.88544272136068 6.90836949707e-310 4.68028406827e-310 6.90845774875e-310 4.94065645841e-324
21.010505252626313 4.68028406827e-310 6.90845774878e-310 4.94065645841e-324 4.68028406826e-310
21.135567783891947 6.90845774875e-310 4.94065645841e-324 4.68028406826e-310 6.90845774878e-310
21.260630315157577 9.88131291682e-324 4.68028406826e-310 6.90845774878e-310 6.90836949707e-310
21.38569284642321 4.68028406825e-310 6.90845774878e-310 4.94065645841e-324 4.68028406825e-310
21.510755377688845 6.90845774878e-310 4.94065645841e-324 4.68028406824e-310 6.90845774877e-310
21.635817908954476 9.88131291682e-324 4.68028406824e-310 6.90845877642e-310 2.96439387505e-323
21.76088044022011 4.68028406823e-310 6.90845774872e-310 6.90836949707e-310 4.68028406822e-310
21.885942971485743 6.90845774872e-310 4.94065645841e-324 4.68028406817e-310 6.90845774522e-310
22.011005502751377 1.97626258336e-323 4.68028406824e-310 6.90845774519e-310 1.97626258336e-323
22.136068034017008 4.68028406824e-310 6.90845774861e-310 4.94065645841e-324 4.68028406822e-310
22.26113056528264 6.90845774685e-310 6.90836949707e-310 4.68028406817e-310 4.68028617418e-310
22.386193096548276 0.0 4.68028406815e-310 6.90848570565e-310 4.68028406832e-310
22.511255627813906 6.90848570565e-310 0.0 4.94065645841e-324 1.87591785069e-319
22.63631815907954 6.90849657278e-310 6.90849657278e-310 0.0 0.0
22.761380690345174 6.90846168453e-310 1.32903658731e-321 0.0 1.48219693752e-323
22.886443221610804 4.94065645841e-324 6.90846168453e-310 1.32903658731e-321 0.0
23.011505752876438 1.97626258336e-323 4.94065645841e-324 6.90848569185e-310 1.32903658731e-321
23.136568284142072 0.0 3.95252516673e-323 4.94065645841e-324 6.90846028108e-310
23.261630815407702 2.97400229119e+222 0.0 4.44659081257e-323 2.68367301882e-260
23.386693346673336 6.90845799514e-310 4.26137296673e+257 0.0 5.43472210425e-323
23.51175587793897 8.61716687511e-66 6.90845799518e-310 1.3980687442e-152 0.0
23.6368184092046 5.92878775009e-323 2.17229864059e-153 6.90845774631e-310 1.69288051045e+190
23.761880940470235 0.0 6.91691904178e-323 2.64625272913e-260 6.90845774638e-310
23.88694347173587 1.32903658731e-321 0.0 7.41098468762e-323 4.94065645841e-324
24.0120060030015 6.90845774645e-310 1.32903658731e-321 0.0 8.3991159793e-323
24.137068534267133 4.94065645841e-324 6.90845774571e-310 1.32903658731e-321 0.0
24.262131065532767 8.89318162514e-323 4.94065645841e-324 6.90845774578e-310 4.68028406093e-310
24.3871935967984 0.0 9.88131291682e-323 4.94065645841e-324 6.90845774584e-310
24.51225612806403 1.32903658731e-321 0.0 1.03753785627e-322 4.94065645841e-324
24.637318659329665 6.90845774753e-310 1.32903658731e-321 0.0 1.18575755002e-322
24.7623811905953 6.90836949707e-310 6.90845774761e-310 1.32903658731e-321 0.0
24.88744372186093 1.2351641146e-322 4.94065645841e-324 6.90845774768e-310 1.32903658731e-321
25.012506253126563 0.0 1.38338380836e-322 6.90836949707e-310 6.90845774836e-310
25.137568784392197 1.32903658731e-321 0.0 1.43279037294e-322 4.94065645841e-324
25.262631315657828 6.90845774844e-310 1.32903658731e-321 0.0 1.63041663128e-322
25.38769384692346 6.90836949707e-310 6.90845774729e-310 1.32903658731e-321 0.0
25.512756378189096 1.67982319586e-322 4.94065645841e-324 6.90845774737e-310 1.32903658731e-321
25.637818909454726 0.0 1.72922976044e-322 6.90836949707e-310 6.90845774743e-310
25.76288144072036 1.32903658731e-321 0.0 1.77863632503e-322 4.94065645841e-324
25.887943971985994 6.90845774811e-310 1.32903658731e-321 0.0 1.92685601878e-322
26.013006503251624 6.90836949707e-310 6.90845774818e-310 1.32903658731e-321 0.0
26.138069034517258 1.97626258336e-322 4.94065645841e-324 6.90845774824e-310 1.32903658731e-321
26.263131565782892 0.0 2.02566914795e-322 6.90836949707e-310 6.90845774771e-310
26.388194097048526 1.32903658731e-321 0.0 2.07507571253e-322 4.94065645841e-324
26.513256628314156 6.90845774777e-310 1.32903658731e-321 0.0 2.32210853545e-322
26.63831915957979 6.90836949707e-310 6.90845774784e-310 1.32903658731e-321 0.0
26.763381690845424 2.47032822921e-322 4.94065645841e-324 6.90845774551e-310 1.32903658731e-321
26.888444222111055 0.0 2.51973479379e-322 6.90836949707e-310 6.90845774615e-310
27.01350675337669 5.61258573676e-321 5.61258573676e-321 6.90845774304e-310 0.0
27.138569284642323 1.06099789795e-313 6.90836949707e-310 6.90845774621e-310 6.90845774303e-310
27.263631815907953 6.90845917244e-310 1.48539705615e-313 0.0 0.0
27.388694347173587 6.90845774304e-310 0.0 1.90979621434e-313 6.90836949707e-310
27.51375687843922 6.90845774621e-310 6.90845774303e-310 6.90845917244e-310 2.33419537253e-313
27.63881940970485 6.90836949707e-310 0.0 1.35292728305e-23 0.0
27.763881940970485 2.75859453073e-313 9.36407042538e-76 6.90845774648e-310 1.11416848077e+218
27.88894447223612 6.90845917244e-310 3.18299368892e-313 7.53432458714e+130 0.0
28.01400700350175 7.60446783299e+130 0.0 3.60739284711e-313 9.77096363468e+24
28.139069534767383 6.90845774651e-310 2.88525117989e+214 6.90845917244e-310 4.0317920053e-313
28.264132066033017 7.49750006776e+130 0.0 1.50690021982e-321 0.0
28.389194597298648 4.4561911635e-313 4.94065645841e-324 6.90845774654e-310 5.92878775009e-323
28.51425712856428 6.90845917244e-310 4.88059032169e-313 0.0 0.0
28.639319659829916 1.50690021982e-321 0.0 5.30498947988e-313 4.94065645841e-324
28.76438219109555 6.90845774657e-310 4.68028406092e-310 6.90845917244e-310 5.72938863808e-313
28.88944472236118 0.0 0.0 1.50690021982e-321 0.0
29.014507253626814 6.15378779627e-313 4.94065645841e-324 6.9084577466e-310 5.92878775009e-323
29.139569784892448 6.90845917244e-310 6.57818695446e-313 0.0 0.0
29.264632316158078 1.50690021982e-321 0.0 7.00258611266e-313 4.94065645841e-324
29.389694847423712 6.90845774662e-310 5.92878775009e-323 6.90845917244e-310 7.42698527085e-313
29.514757378689346 0.0 0.0 1.50690021982e-321 0.0
29.639819909954976 7.85138442904e-313 4.94065645841e-324 6.90845774665e-310 5.92878775009e-323
29.76488244122061 6.90845917244e-310 8.48798316633e-313 0.0 0.0
29.889944972486244 1.50690021982e-321 0.0 8.91238232452e-313 4.94065645841e-324
30.015007503751875 6.90845774689e-310 5.92878775009e-323 6.90845917244e-310 9.54898106181e-313
30.14007003501751 0.0 0.0 1.50690021982e-321 0.0
30.265132566283143 9.97338022001e-313 4.94065645841e-324 6.90845774693e-310 5.92878775009e-323
30.390195097548773 6.90845917244e-310 1.03977793782e-312 0.0 0.0
30.515257628814407 1.50690021982e-321 0.0 1.08221785364e-312 4.94065645841e-324
30.64032016008004 6.90845774695e-310 5.92878775009e-323 6.90845917244e-310 1.12465776946e-312
30.76538269134567 0.0 0.0 1.50690021982e-321 0.0
30.890445222611305 1.16709768528e-312 4.94065645841e-324 6.90845774699e-310 5.92878775009e-323
31.01550775387694 6.90845917245e-310 1.2095376011e-312 0.0 0.0
31.140570285142573 1.50690021982e-321 0.0 1.25197751692e-312 4.94065645841e-324
31.265632816408203 6.90845774702e-310 4.94065645841e-324 6.90845774777e-310 1.32903658731e-321
31.390695347673837 0.0 2.32210853545e-322 1.12251714735e-320 6.4030907701e-321
31.51575787893947 6.90846168358e-310 0.0 9.88131291682e-324 nan
31.6408204102051 6.90846168453e-310 1.32903658731e-321 0.0 1.48219693752e-323
31.765882941470736 4.94065645841e-324 6.90846168453e-310 1.32903658731e-321 0.0
31.89094547273637 1.97626258336e-323 4.94065645841e-324 6.90848569185e-310 1.32903658731e-321
32.016008004002 0.0 3.95252516673e-323 4.94065645841e-324 6.90846028108e-310
32.14107053526764 2.97400229119e+222 0.0 4.44659081257e-323 2.68367301882e-260
32.266133066533264 6.90845799514e-310 4.26137296673e+257 0.0 5.43472210425e-323
32.3911955977989 8.61716687511e-66 6.90845799518e-310 1.3980687442e-152 0.0
32.51625812906453 5.92878775009e-323 2.17229864059e-153 6.90845774631e-310 1.69288051045e+190
32.641320660330166 0.0 6.91691904178e-323 2.64625272913e-260 6.90845774638e-310
32.7663831915958 1.32903658731e-321 0.0 7.41098468762e-323 4.94065645841e-324
32.891445722861434 6.90845774645e-310 1.32903658731e-321 0.0 8.3991159793e-323
33.01650825412706 4.94065645841e-324 6.90845774571e-310 1.32903658731e-321 0.0
33.141570785392695 8.89318162514e-323 4.94065645841e-324 6.90845774578e-310 4.68028406093e-310
33.26663331665833 0.0 9.88131291682e-323 4.94065645841e-324 6.90845774584e-310
33.39169584792396 1.32903658731e-321 0.0 1.03753785627e-322 4.94065645841e-324
33.516758379189596 6.90845774753e-310 1.32903658731e-321 0.0 1.18575755002e-322
33.64182091045523 6.90836949707e-310 6.90845774761e-310 1.32903658731e-321 0.0
33.76688344172086 1.2351641146e-322 4.94065645841e-324 6.90845774768e-310 1.32903658731e-321
33.89194597298649 0.0 1.38338380836e-322 6.90836949707e-310 6.90845774836e-310
34.017008504252125 1.32903658731e-321 0.0 1.43279037294e-322 4.94065645841e-324
34.14207103551776 6.90845774844e-310 1.32903658731e-321 0.0 1.63041663128e-322
34.26713356678339 6.90836949707e-310 6.90845774729e-310 1.32903658731e-321 0.0
34.39219609804903 1.67982319586e-322 4.94065645841e-324 6.90845774737e-310 1.32903658731e-321
34.51725862931466 0.0 1.72922976044e-322 6.90836949707e-310 6.90845774743e-310
34.64232116058029 1.32903658731e-321 0.0 1.77863632503e-322 4.94065645841e-324
34.76738369184592 6.90845774811e-310 1.32903658731e-321 0.0 1.92685601878e-322
34.892446223111556 6.90836949707e-310 6.90845774818e-310 1.32903658731e-321 0.0
35.01750875437719 1.97626258336e-322 4.94065645841e-324 6.90845774824e-310 1.32903658731e-321
35.14257128564282 0.0 2.02566914795e-322 6.90836949707e-310 6.90845774771e-310
35.26763381690846 1.32903658731e-321 0.0 2.07507571253e-322 4.94065645841e-324
35.392696348174084 6.90845774777e-310 1.32903658731e-321 0.0 2.32210853545e-322
35.51775887943972 6.90836949707e-310 6.90845774784e-310 1.32903658731e-321 0.0
35.64282141070535 2.47032822921e-322 4.94065645841e-324 6.90845774551e-310 1.32903658731e-321
35.767883941970986 0.0 2.51973479379e-322 6.90836949707e-310 6.90845774615e-310
35.89294647323662 1.32903658731e-321 0.0 2.66795448754e-322 4.94065645841e-324
36.018009004502254 6.90845774704e-310 1.32903658731e-321 0.0 2.8161741813e-322
36.14307153576788 4.94065645841e-324 6.90845774685e-310 0.0 0.0
36.268134067033515 0.0 0.0 0.0 0.0
36.39319659829915 0.0 0.0 0.0 0.0
36.51825912956478 0.0 1.69963522826e-319 0.0 0.0
36.643321660830416 0.0 0.0 0.0 0.0
36.76838419209605 0.0 0.0 0.0 0.0
36.893446723361684 0.0 0.0 0.0 0.0
37.01850925462731 0.0 0.0 0.0 0.0
37.143571785892945 0.0 0.0 0.0 0.0
37.26863431715858 0.0 0.0 0.0 0.0
37.39369684842421 0.0 0.0 0.0 0.0
37.51875937968985 0.0 0.0 0.0 0.0
37.64382191095548 0.0 0.0 0.0 0.0
37.76888444222111 0.0 0.0 0.0 0.0
37.89394697348674 0.0 0.0 0.0 0.0
38.019009504752376 0.0 0.0 0.0 0.0
38.14407203601801 0.0 0.0 0.0 0.0
38.26913456728364 0.0 0.0 0.0 0.0
38.39419709854928 0.0 0.0 0.0 0.0
38.519259629814904 0.0 0.0 0.0 0.0
38.64432216108054 0.0 0.0 0.0 0.0
38.76938469234617 0.0 0.0 0.0 0.0
38.894447223611806 0.0 0.0 0.0 0.0
39.01950975487744 0.0 0.0 0.0 0.0
39.144572286143074 0.0 0.0 0.0 0.0
39.26963481740871 0.0 0.0 0.0 0.0
39.394697348674335 0.0 0.0 0.0 0.0
39.51975987993997 0.0 0.0 0.0 0.0
39.6448224112056 0.0 0.0 0.0 0.0
39.769884942471236 0.0 0.0 0.0 0.0
39.89494747373687 1.97626258336e-323 4.68028406828e-310 6.90845775019e-310 9.88131291682e-324
40.020010005002504 4.68028406828e-310 6.90845775019e-310 4.94065645841e-324 4.68028406828e-310
40.14507253626813 6.90845775019e-310 9.88131291682e-324 4.68028406828e-310 6.90845775019e-310
40.270135067533765 4.94065645841e-324 4.68028406827e-310 6.90845775019e-310 4.94065645841e-324
40.3951975987994 4.68028406827e-310 6.90845775018e-310 4.94065645841e-324 4.68028406827e-310
40.52026013006503 6.90845775018e-310 4.94065645841e-324 4.68028406827e-310 6.90845775018e-310
40.64532266133067 4.94065645841e-324 4.68028406827e-310 6.90845775018e-310 4.94065645841e-324
40.7703851925963 4.68028406826e-310 6.90845775018e-310 4.94065645841e-324 4.68028406826e-310
40.89544772386193 6.90845775017e-310 9.88131291682e-324 4.68028406826e-310 6.90845775017e-310
41.02051025512756 4.94065645841e-324 4.68028406825e-310 6.90845775017e-310 4.94065645841e-324
41.145572786393195 4.68028406825e-310 6.90845775017e-310 4.94065645841e-324 4.68028406824e-310
41.27063531765883 6.90845775017e-310 4.94065645841e-324 4.68028406829e-310 6.90845775016e-310
41.39569784892446 4.94065645841e-324 4.68028406829e-310 6.9084577498e-310 1.97626258336e-323
41.5207603801901 4.68028406828e-310 6.90845775025e-310 9.88131291682e-324 4.68028406828e-310
41.64582291145573 6.90845775025e-310 4.94065645841e-324 4.68028406828e-310 6.90845775025e-310
41.77088544272136 9.88131291682e-324 4.68028406828e-310 6.90845775025e-310 4.94065645841e-324
41.89594797398699 4.68028406827e-310 6.90845775025e-310 4.94065645841e-324 4.68028406827e-310
42.021010505252626 6.90845775024e-310 4.94065645841e-324 4.68028406827e-310 6.90845775024e-310
42.14607303651826 4.94065645841e-324 4.68028406827e-310 6.90845775024e-310 4.94065645841e-324
42.271135567783894 4.68028406827e-310 6.90845775024e-310 4.94065645841e-324 4.68028406826e-310
42.39619809904953 6.90845775024e-310 4.94065645841e-324 4.68028406826e-310 6.90845775023e-310
42.521260630315155 9.88131291682e-324 4.68028406826e-310 6.90845775023e-310 4.94065645841e-324
42.64632316158079 4.68028406825e-310 6.90845775023e-310 4.94065645841e-324 4.68028406825e-310
42.77138569284642 6.9084577502e-310 4.94065645841e-324 4.68028406824e-310 6.90845774981e-310
42.896448224112056 1.48219693752e-323 4.6802840683e-310 6.90845774582e-310 4.94065645841e-324
43.02151075537769 4.6802840683e-310 6.90845774973e-310 2.47032822921e-323 4.68028406829e-310
43.146573286643324 6.90845774973e-310 9.88131291682e-324 4.68028406828e-310 6.9084577497e-310
43.27163581790895 4.94065645841e-324 4.68028406828e-310 6.9084577497e-310 9.88131291682e-324
43.396698349174585 4.68028406828e-310 6.90845774969e-310 4.94065645841e-324 4.68028406827e-310
43.52176088044022 6.9084577497e-310 4.94065645841e-324 4.68028406827e-310 6.9084577497e-310
43.64682341170585 4.94065645841e-324 4.68028406827e-310 6.90845774969e-310 4.94065645841e-324
43.77188594297149 4.68028406827e-310 6.90845774969e-310 4.94065645841e-324 4.68028406827e-310
43.89694847423712 6.90845774969e-310 4.94065645841e-324 4.68028406826e-310 6.90845774969e-310
44.022011005502755 4.94065645841e-324 4.68028406826e-310 6.90845774968e-310 9.88131291682e-324
44.14707353676838 4.68028406826e-310 6.90845774968e-310 4.94065645841e-324 4.68028406825e-310
44.272136068034015 6.90845774968e-310 4.94065645841e-324 4.68028406825e-310 6.90845774968e-310
44.39719859929965 4.94065645841e-324 4.68028406824e-310 6.90845774968e-310 4.94065645841e-324
44.52226113056528 4.68028406818e-310 6.90845774967e-310 4.94065645841e-324 4.68028406818e-310
44.64732366183092 6.90845774967e-310 4.94065645841e-324 4.68028406818e-310 6.90845774967e-310
44.77238619309655 1.48219693752e-323 4.68028406818e-310 6.90845774967e-310 4.94065645841e-324
44.89744872436218 4.68028406817e-310 6.90845774523e-310 4.94065645841e-324 4.68028406824e-310
45.02251125562781 6.90845877634e-310 2.96439387505e-323 4.68028406823e-310 6.90845774954e-310
45.147573786893446 4.94065645841e-324 4.68028406822e-310 6.90845774954e-310 4.94065645841e-324
45.27263631815908 4.68028406817e-310 6.90845774522e-310 4.94065645841e-324 4.68028406824e-310
45.397698849424714 6.90845774519e-310 1.97626258336e-323 4.68028406824e-310 6.90845774942e-310
45.52276138069035 4.94065645841e-324 4.68028406822e-310 6.90845774803e-310 4.94065645841e-324
45.647823911955975 4.68028406817e-310 4.68028617447e-310 4.94065645841e-324 4.68028406815e-310
45.77288644322161 6.90848570565e-310 4.68028406832e-310 0.0 0.0
45.89794897448724 1.37389774796e-319 5.61752639321e-321 6.90849657278e-310 6.90849657278e-310
46.023011505752876 0.0 0.0 6.90846168453e-310 1.32903658731e-321
46.14807403701851 0.0 1.48219693752e-323 4.94065645841e-324 6.90846168453e-310
46.273136568284144 1.32903658731e-321 0.0 1.97626258336e-323 4.94065645841e-324
46.39819909954978 6.90846028108e-310 1.32903658731e-321 0.0 3.95252516673e-323
46.523261630815405 4.94065645841e-324 6.90848569186e-310 1.13573683047e-282 0.0
46.64832416208104 4.44659081257e-323 7.11336251395e-225 6.90845799515e-310 1.89526821904e-287
46.77338669334667 0.0 5.43472210425e-323 7.76430841648e-153 6.90845799516e-310
46.89844922461231 3.56524329045e-138 0.0 5.92878775009e-323 8.93053302525e-307
47.02351175587794 6.90845774752e-310 7.09186462419e-225 0.0 6.91691904178e-323
47.148574287143575 4.00540795597e-307 6.9084577476e-310 nan 0.0
47.2736368184092 7.41098468762e-323 4.94065645841e-324 6.90845774766e-310 6.90849589532e-310
47.398699349674835 0.0 8.3991159793e-323 6.90836949707e-310 6.90845774915e-310
47.52376188094047 1.32903658731e-321 0.0 8.89318162514e-323 nan
47.6488244122061 6.90845774922e-310 4.68028545971e-310 0.0 9.88131291682e-323
47.77388694347174 6.90836949707e-310 6.90845774929e-310 5.62011392199e-196 0.0
47.89894947473737 1.03753785627e-322 3.56524294658e-138 6.90845774592e-310 4.41409866387e-225
48.024012006003 0.0 1.18575755002e-322 7.09186453582e-225 6.90845774599e-310
48.14907453726863 5.3336075615e-307 0.0 1.2351641146e-322 4.94065645841e-324
48.274137068534266 6.90845774605e-310 6.90849657204e-310 0.0 1.38338380836e-322
48.3991995997999 -3.69413918676e-53 6.90845774837e-310 4.68028407712e-310 0.0
48.524262131065534 1.43279037294e-322 6.90836949707e-310 6.90845774844e-310 6.90845775923e-310
48.64932466233117 0.0 1.63041663128e-322 6.90836949707e-310 6.90845774729e-310
48.7743871935968 -5.73014366309e+243 0.0 1.67982319586e-322 -1.96549218241e-231
48.89944972486243 6.90845774736e-310 4.68028407712e-310 0.0 1.72922976044e-322
49.02451225612806 4.68027391655e-310 6.90845774743e-310 6.90849657204e-310 0.0
49.149574787393696 1.77863632503e-322 4.94065645841e-324 6.90845774811e-310 1.32903658731e-321
49.27463731865933 0.0 1.92685601878e-322 4.94065645841e-324 6.90845774818e-310
49.399699849924964 1.32903658731e-321 0.0 1.97626258336e-322 4.94065645841e-324
49.5247623811906 6.90845774825e-310 1.32903658731e-321 0.0 2.02566914795e-322
49.649824912456225 4.94065645841e-324 6.90845774771e-310 1.32903658731e-321 0.0
49.77488744372186 2.07507571253e-322 4.94065645841e-324 6.90845774778e-310 1.32903658731e-321
49.89994997498749 0.0 2.32210853545e-322 4.94065645841e-324 6.90845774785e-310
50.02501250625313 1.32903658731e-321 0.0 2.47032822921e-322 4.94065645841e-324
50.15007503751876 6.9084577469e-310 1.32903658731e-321 0.0 2.51973479379e-322
50.275137568784395 4.94065645841e-324 6.90845774554e-310 1.43002360532e-319 5.61258573676e-321
50.40020010005002 6.90845774304e-310 0.0 1.06099789795e-313 4.68027391655e-310
50.525262631315655 6.90845774562e-310 6.90845774303e-310 6.90845917244e-310 1.48539705615e-313
50.65032516258129 0.0 0.0 6.90845774304e-310 0.0
50.77538769384692 1.90979621434e-313 6.90836949707e-310 6.90845774555e-310 6.90845774303e-310
50.90045022511256 6.90845917244e-310 2.33419537253e-313 6.90836949707e-310 0.0
51.02551275637819 1.13573683047e-282 0.0 2.75859453073e-313 7.11336251395e-225
51.150575287643825 6.90845774648e-310 1.89526821904e-287 6.90845917244e-310 3.18299368892e-313
51.27563781890945 7.76430841648e-153 0.0 3.56524329045e-138 0.0
51.400700350175086 3.60739284711e-313 8.93053302525e-307 6.90845774651e-310 7.09186462419e-225
51.52576288144072 6.90845917244e-310 4.0317920053e-313 4.00540795597e-307 0.0
51.650825412706354 nan 0.0 4.4561911635e-313 4.94065645841e-324
51.77588794397199 6.90845774654e-310 6.90849589531e-310 6.90845917244e-310 4.88059032169e-313
51.90095047523762 6.90836949707e-310 0.0 1.50690021982e-321 0.0
52.02601300650325 5.30498947988e-313 nan 6.90845774657e-310 4.6802854597e-310
52.15107553776888 6.90845917244e-310 5.72938863808e-313 6.90836949707e-310 0.0
52.276138069034516 5.62011392199e-196 0.0 6.15378779627e-313 3.56524294658e-138
52.40120060030015 6.9084577466e-310 4.41409866387e-225 6.90845917244e-310 6.57818695446e-313
52.526263131565784 7.09186453582e-225 0.0 5.3336075615e-307 0.0
52.65132566283142 7.00258611266e-313 4.94065645841e-324 6.90845774663e-310 6.90849657203e-310
52.77638819409705 6.90845917244e-310 7.42698527085e-313 -3.69413918676e-53 0.0
52.90145072536268 4.68028407713e-310 0.0 7.85138442904e-313 6.90836949707e-310
53.02651325662831 6.90845774666e-310 6.90845775922e-310 6.90845917244e-310 8.48798316633e-313
53.15157578789395 6.90836949707e-310 0.0 -5.73014366309e+243 0.0
53.27663831915958 8.91238232452e-313 -1.96549218241e-231 6.90845774669e-310 4.68028407711e-310
53.401700850425215 6.90845917244e-310 9.54898106181e-313 4.68027391655e-310 0.0
53.52676338169085 1.50690021982e-321 0.0 9.97338022001e-313 4.94065645841e-324
53.651825912956475 6.9084577467e-310 5.92878775009e-323 6.90845917244e-310 1.03977793782e-312
53.77688844422211 0.0 0.0 1.50690021982e-321 0.0
53.90195097548774 1.08221785364e-312 4.94065645841e-324 6.90845774675e-310 5.92878775009e-323
54.02701350675338 6.90845917244e-310 1.12465776946e-312 0.0 0.0
54.15207603801901 1.50690021982e-321 0.0 1.16709768528e-312 4.94065645841e-324
54.277138569284645 6.90845774678e-310 5.92878775009e-323 6.90845917245e-310 1.2095376011e-312
54.40220110055027 0.0 0.0 1.50690021982e-321 0.0
54.527263631815906 1.25197751692e-312 4.94065645841e-324 6.90845774681e-310 0.0
54.65232616308154 0.0 0.0 0.0 0.0
54.777388694347174 1.48614946269e-319 6.4030907701e-321 6.90846168358e-310 0.0
54.90245122561281 9.88131291682e-324 6.90836949707e-310 6.90846168453e-310 1.32903658731e-321
55.02751375687844 0.0 1.48219693752e-323 4.94065645841e-324 6.90846168453e-310
55.152576288144076 1.32903658731e-321 0.0 1.97626258336e-323 4.94065645841e-324
55.2776388194097 6.90846028108e-310 1.32903658731e-321 0.0 3.95252516673e-323
55.402701350675336 4.94065645841e-324 6.90848569186e-310 1.13573683047e-282 0.0
55.52776388194097 4.44659081257e-323 7.11336251395e-225 6.90845799515e-310 1.89526821904e-287
55.652826413206604 0.0 5.43472210425e-323 7.76430841648e-153 6.90845799516e-310
55.77788894447224 3.56524329045e-138 0.0 5.92878775009e-323 8.93053302525e-307
55.90295147573787 6.90845774752e-310 7.09186462419e-225 0.0 6.91691904178e-323
56.0280140070035 4.00540795597e-307 6.9084577476e-310 nan 0.0
56.15307653826913 7.41098468762e-323 4.94065645841e-324 6.90845774766e-310 6.90849589532e-310
56.27813906953477 0.0 8.3991159793e-323 6.90836949707e-310 6.90845774915e-310
56.4032016008004 1.32903658731e-321 0.0 8.89318162514e-323 nan
56.528264132066035 6.90845774922e-310 4.68028545971e-310 0.0 9.88131291682e-323
56.65332666333167 6.90836949707e-310 6.90845774929e-310 5.62011392199e-196 0.0
56.778389194597295 1.03753785627e-322 3.56524294658e-138 6.90845774592e-310 4.41409866387e-225
56.90345172586293 0.0 1.18575755002e-322 7.09186453582e-225 6.90845774599e-310
57.02851425712856 5.3336075615e-307 0.0 1.2351641146e-322 4.94065645841e-324
57.1535767883942 6.90845774605e-310 6.90849657204e-310 0.0 1.38338380836e-322
57.27863931965983 -3.69413918676e-53 6.90845774837e-310 4.68028407712e-310 0.0
57.403701850925465 1.43279037294e-322 6.90836949707e-310 6.90845774844e-310 6.90845775923e-310
57.5287643821911 0.0 1.63041663128e-322 6.90836949707e-310 6.90845774729e-310
57.653826913456726 -5.73014366309e+243 0.0 1.67982319586e-322 -1.96549218241e-231
57.77888944472236 6.90845774736e-310 4.68028407712e-310 0.0 1.72922976044e-322
57.903951975987994 4.68027391655e-310 6.90845774743e-310 6.90849657204e-310 0.0
58.02901450725363 1.77863632503e-322 4.94065645841e-324 6.90845774811e-310 1.32903658731e-321
58.15407703851926 0.0 1.92685601878e-322 4.94065645841e-324 6.90845774818e-310
58.279139569784896 1.32903658731e-321 0.0 1.97626258336e-322 4.94065645841e-324
58.40420210105052 6.90845774825e-310 1.32903658731e-321 0.0 2.02566914795e-322
58.529264632316156 4.94065645841e-324 6.90845774771e-310 1.32903658731e-321 0.0
58.65432716358179 2.07507571253e-322 4.94065645841e-324 6.90845774778e-310 1.32903658731e-321
58.779389694847424 0.0 2.32210853545e-322 4.94065645841e-324 6.90845774785e-310
58.90445222611306 1.32903658731e-321 0.0 2.47032822921e-322 4.94065645841e-324
59.02951475737869 6.9084577469e-310 1.32903658731e-321 0.0 2.51973479379e-322
59.15457728864432 4.94065645841e-324 6.90845774554e-310 1.32903658731e-321 0.0
59.27963981990995 2.66795448754e-322 4.94065645841e-324 6.90845774687e-310 1.32903658731e-321
59.40470235117559 0.0 2.8161741813e-322 4.94065645841e-324 6.90845774803e-310
59.52976488244122 1.97626258336e-323 6.90845917248e-310 nan 0.0
59.654827413706855 0.0 0.0 6.90845917248e-310 nan
59.77988994497249 0.0 0.0 0.0 1.40477685082e-319
59.90495247623812 0.0 0.0 0.0 0.0
60.03001500750375 0.0 0.0 0.0 0.0
60.15507753876938 0.0 0.0 0.0 0.0
60.28014007003502 0.0 0.0 0.0 0.0
60.40520260130065 0.0 0.0 0.0 0.0
60.530265132566285 0.0 0.0 0.0 0.0
60.65532766383192 0.0 0.0 0.0 0.0
60.780390195097546 0.0 0.0 0.0 0.0
60.90545272636318 0.0 0.0 0.0 0.0
61.030515257628814 0.0 0.0 0.0 0.0
61.15557778889445 0.0 0.0 0.0 0.0
61.28064032016008 0.0 0.0 0.0 0.0
61.405702851425715 0.0 0.0 0.0 0.0
61.53076538269134 0.0 0.0 0.0 0.0
61.655827913956976 0.0 0.0 0.0 0.0
61.78089044522261 0.0 0.0 0.0 0.0
61.905952976488244 0.0 0.0 0.0 0.0
62.03101550775388 0.0 0.0 0.0 0.0
62.15607803901951 0.0 0.0 0.0 0.0
62.281140570285146 0.0 0.0 0.0 0.0
62.40620310155077 0.0 0.0 0.0 0.0
62.53126563281641 0.0 0.0 0.0 0.0
62.65632816408204 0.0 0.0 0.0 0.0
62.781390695347675 0.0 0.0 0.0 0.0
62.90645322661331 0.0 0.0 0.0 0.0
63.03151575787894 0.0 0.0 0.0 0.0
63.15657828914457 0.0 0.0 0.0 0.0
63.2816408204102 0.0 0.0 0.0 0.0
63.40670335167584 0.0 0.0 0.0 0.0
63.53176588294147 0.0 0.0 0.0 0.0
63.656828414207105 0.0 0.0 0.0 0.0
63.78189094547274 0.0 0.0 0.0 0.0
63.906953476738366 0.0 0.0 0.0 0.0
64.032016008004 0.0 0.0 0.0 0.0
64.15707853926963 0.0 0.0 0.0 0.0
64.28214107053527 0.0 0.0 0.0 0.0
64.4072036018009 0.0 0.0 0.0 0.0
64.53226613306653 0.0 0.0 0.0 0.0
64.65732866433217 0.0 0.0 0.0 0.0
64.7823911955978 0.0 0.0 0.0 0.0
64.90745372686344 0.0 0.0 0.0 0.0
65.03251625812906 0.0 0.0 0.0 0.0
65.15757878939469 0.0 0.0 0.0 0.0
65.28264132066033 0.0 0.0 0.0 0.0
65.40770385192596 0.0 0.0 0.0 0.0
65.5327663831916 0.0 0.0 0.0 0.0
65.65782891445723 0.0 0.0 0.0 0.0
65.78289144572287 0.0 0.0 0.0 0.0
65.9079539769885 0.0 0.0 0.0 0.0
66.03301650825412 0.0 0.0 0.0 0.0
66.15807903951976 0.0 0.0 0.0 0.0
66.28314157078539 0.0 0.0 0.0 0.0
66.40820410205103 0.0 0.0 0.0 0.0
66.53326663331666 0.0 0.0 0.0 0.0
66.6583291645823 0.0 0.0 0.0 0.0
66.78339169584793 0.0 0.0 0.0 0.0
66.90845422711355 0.0 0.0 0.0 0.0
67.03351675837919 0.0 0.0 0.0 0.0
67.15857928964482 0.0 0.0 0.0 0.0
67.28364182091046 0.0 0.0 0.0 0.0
67.40870435217609 0.0 0.0 0.0 0.0
67.53376688344171 0.0 0.0 0.0 0.0
67.65882941470736 0.0 0.0 0.0 0.0
67.78389194597298 0.0 0.0 0.0 0.0
67.90895447723862 0.0 0.0 0.0 0.0
68.03401700850425 0.0 0.0 0.0 0.0
68.15907953976989 0.0 0.0 0.0 0.0
68.28414207103552 0.0 0.0 0.0 0.0
68.40920460230114 0.0 0.0 0.0 0.0
68.53426713356679 0.0 0.0 0.0 0.0
68.65932966483241 0.0 0.0 0.0 0.0
68.78439219609805 0.0 0.0 0.0 0.0
68.90945472736368 0.0 0.0 0.0 0.0
69.03451725862932 0.0 0.0 0.0 0.0
69.15957978989495 0.0 0.0 0.0 0.0
69.28464232116058 0.0 0.0 0.0 0.0
69.40970485242622 0.0 0.0 0.0 0.0
69.53476738369184 0.0 0.0 0.0 0.0
69.65982991495748 0.0 0.0 0.0 0.0
69.78489244622311 0.0 0.0 0.0 0.0
69.90995497748874 0.0 0.0 0.0 0.0
70.03501750875438 0.0 0.0 0.0 0.0
70.16008004002 0.0 0.0 0.0 0.0
70.28514257128565 0.0 0.0 0.0 0.0
70.41020510255127 0.0 0.0 0.0 0.0
70.53526763381691 0.0 0.0 0.0 0.0
70.66033016508254 0.0 0.0 0.0 0.0
70.78539269634817 0.0 0.0 0.0 0.0
70.91045522761381 0.0 0.0 0.0 0.0
71.03551775887944 0.0 0.0 0.0 0.0
71.16058029014508 0.0 0.0 0.0 0.0
71.2856428214107 0.0 0.0 0.0 0.0
71.41070535267635 0.0 0.0 0.0 0.0
71.53576788394197 0.0 0.0 0.0 0.0
71.6608304152076 0.0 0.0 0.0 0.0
71.78589294647324 0.0 0.0 0.0 0.0
71.91095547773887 0.0 0.0 0.0 0.0
72.03601800900451 0.0 0.0 0.0 0.0
72.16108054027013 0.0 0.0 0.0 0.0
72.28614307153576 0.0 0.0 0.0 0.0
72.4112056028014 0.0 0.0 0.0 0.0
72.53626813406703 0.0 0.0 0.0 0.0
72.66133066533267 0.0 0.0 0.0 0.0
72.7863931965983 0.0 0.0 0.0 0.0
72.91145572786394 0.0 0.0 0.0 0.0
73.03651825912956 0.0 0.0 0.0 0.0
73.16158079039519 0.0 0.0 0.0 0.0
73.28664332166083 0.0 0.0 0.0 0.0
73.41170585292646 0.0 0.0 0.0 0.0
73.5367683841921 0.0 0.0 0.0 0.0
73.66183091545773 0.0 0.0 0.0 0.0
73.78689344672337 0.0 0.0 0.0 0.0
73.911955977989 0.0 0.0 0.0 0.0
74.03701850925462 0.0 0.0 0.0 0.0
74.16208104052026 0.0 0.0 0.0 0.0
74.28714357178589 0.0 0.0 0.0 0.0
74.41220610305153 0.0 0.0 0.0 0.0
74.53726863431716 0.0 0.0 0.0 0.0
74.66233116558278 0.0 0.0 0.0 0.0
74.78739369684843 0.0 0.0 0.0 0.0
74.91245622811405 0.0 0.0 0.0 0.0
75.0375187593797 0.0 0.0 0.0 0.0
75.16258129064532 0.0 0.0 0.0 0.0
75.28764382191096 0.0 0.0 0.0 0.0
75.41270635317659 0.0 0.0 0.0 0.0
75.53776888444222 0.0 0.0 0.0 0.0
75.66283141570786 0.0 0.0 0.0 0.0
75.78789394697348 0.0 0.0 0.0 0.0
75.91295647823912 0.0 0.0 0.0 0.0
76.03801900950475 0.0 0.0 0.0 0.0
76.16308154077039 0.0 0.0 0.0 0.0
76.28814407203602 0.0 0.0 0.0 0.0
76.41320660330165 0.0 0.0 0.0 0.0
76.53826913456729 0.0 0.0 0.0 0.0
76.66333166583291 0.0 0.0 0.0 0.0
76.78839419709855 0.0 0.0 0.0 0.0
76.91345672836418 0.0 0.0 0.0 0.0
77.03851925962981 0.0 0.0 0.0 0.0
77.16358179089545 0.0 0.0 0.0 0.0
77.28864432216108 0.0 0.0 0.0 0.0
77.41370685342672 0.0 0.0 0.0 0.0
77.53876938469234 0.0 0.0 0.0 0.0
77.66383191595799 0.0 0.0 0.0 0.0
77.78889444722361 0.0 0.0 0.0 0.0
77.91395697848924 0.0 0.0 0.0 0.0
78.03901950975488 0.0 0.0 0.0 0.0
78.1640820410205 0.0 0.0 0.0 0.0
78.28914457228615 0.0 0.0 0.0 0.0
78.41420710355177 0.0 0.0 0.0 0.0
78.53926963481742 0.0 0.0 0.0 0.0
78.66433216608304 0.0 0.0 0.0 0.0
78.78939469734867 0.0 0.0 0.0 0.0
78.91445722861431 0.0 0.0 0.0 0.0
79.03951975987994 0.0 0.0 0.0 0.0
79.16458229114558 0.0 0.0 0.0 0.0
79.2896448224112 0.0 0.0 0.0 0.0
79.41470735367683 0.0 0.0 0.0 0.0
79.53976988494247 0.0 0.0 0.0 0.0
79.6648324162081 0.0 0.0 0.0 0.0
79.78989494747374 0.0 0.0 0.0 0.0
79.91495747873937 0.0 0.0 0.0 0.0
80.04002001000501 0.0 0.0 0.0 0.0
80.16508254127064 0.0 0.0 0.0 0.0
80.29014507253626 0.0 0.0 0.0 0.0
80.4152076038019 0.0 0.0 0.0 0.0
80.54027013506753 0.0 0.0 0.0 0.0
80.66533266633317 0.0 0.0 0.0 0.0
80.7903951975988 0.0 0.0 0.0 0.0
80.91545772886444 0.0 0.0 0.0 0.0
81.04052026013007 0.0 0.0 0.0 0.0
81.16558279139569 0.0 0.0 0.0 0.0
81.29064532266133 0.0 0.0 0.0 0.0
81.41570785392696 0.0 0.0 0.0 0.0
81.5407703851926 0.0 0.0 0.0 0.0
81.66583291645823 0.0 0.0 0.0 0.0
81.79089544772386 0.0 0.0 0.0 0.0
81.9159579789895 0.0 0.0 0.0 0.0
82.04102051025512 0.0 0.0 0.0 0.0
82.16608304152076 0.0 0.0 0.0 0.0
82.29114557278639 0.0 0.0 0.0 0.0
82.41620810405203 0.0 0.0 0.0 0.0
82.54127063531766 0.0 0.0 0.0 0.0
82.66633316658329 0.0 0.0 0.0 0.0
82.79139569784893 0.0 0.0 0.0 0.0
82.91645822911455 0.0 0.0 0.0 0.0
83.0415207603802 0.0 0.0 0.0 0.0
83.16658329164582 0.0 0.0 0.0 0.0
83.29164582291146 0.0 0.0 0.0 0.0
83.41670835417709 0.0 0.0 0.0 0.0
83.54177088544272 0.0 0.0 0.0 0.0
83.66683341670836 0.0 0.0 0.0 0.0
83.79189594797398 0.0 0.0 0.0 0.0
83.91695847923963 0.0 0.0 0.0 0.0
84.04202101050525 0.0 0.0 0.0 0.0
84.16708354177088 0.0 0.0 0.0 0.0
84.29214607303652 0.0 0.0 0.0 0.0
84.41720860430215 0.0 0.0 0.0 0.0
84.54227113556779 0.0 0.0 0.0 0.0
84.66733366683341 0.0 0.0 0.0 0.0
84.79239619809906 0.0 0.0 0.0 0.0
84.91745872936468 0.0 0.0 0.0 0.0
85.04252126063031 0.0 0.0 0.0 0.0
85.16758379189595 0.0 0.0 0.0 0.0
85.29264632316158 0.0 0.0 0.0 0.0
85.41770885442722 0.0 0.0 0.0 0.0
85.54277138569284 0.0 0.0 0.0 0.0
85.66783391695849 0.0 0.0 0.0 0.0
85.79289644822411 0.0 0.0 0.0 0.0
85.91795897948974 0.0 0.0 0.0 0.0
86.04302151075538 0.0 0.0 0.0 0.0
86.16808404202101 0.0 0.0 0.0 0.0
86.29314657328665 0.0 0.0 0.0 0.0
86.41820910455228 0.0 0.0 0.0 0.0
86.5432716358179 0.0 0.0 0.0 0.0
86.66833416708354 0.0 0.0 0.0 0.0
86.79339669834917 0.0 0.0 0.0 0.0
86.91845922961481 0.0 0.0 0.0 0.0
87.04352176088044 0.0 0.0 0.0 0.0
87.16858429214608 0.0 0.0 0.0 0.0
87.2936468234117 0.0 0.0 0.0 0.0
87.41870935467733 0.0 0.0 0.0 0.0
87.54377188594297 0.0 0.0 0.0 0.0
87.6688344172086 0.0 0.0 0.0 0.0
87.79389694847424 0.0 0.0 0.0 0.0
87.91895947973987 0.0 0.0 0.0 0.0
88.04402201100551 0.0 0.0 0.0 0.0
88.16908454227114 0.0 0.0 0.0 0.0
88.29414707353676 0.0 0.0 0.0 0.0
88.4192096048024 0.0 0.0 0.0 0.0
88.54427213606803 0.0 0.0 0.0 0.0
88.66933466733367 0.0 0.0 0.0 0.0
88.7943971985993 0.0 0.0 0.0 0.0
88.91945972986493 0.0 0.0 0.0 0.0
89.04452226113057 0.0 0.0 0.0 0.0
89.1695847923962 0.0 0.0 0.0 0.0
89.29464732366183 0.0 0.0 0.0 0.0
89.41970985492746 0.0 0.0 0.0 0.0
89.5447723861931 0.0 0.0 0.0 0.0
89.66983491745873 0.0 0.0 0.0 0.0
89.79489744872436 0.0 0.0 0.0 0.0
89.91995997999 0.0 0.0 0.0 0.0
90.04502251125562 0.0 0.0 0.0 0.0
90.17008504252126 0.0 0.0 0.0 0.0
90.29514757378689 0.0 0.0 0.0 0.0
90.42021010505253 0.0 0.0 0.0 0.0
90.54527263631816 0.0 0.0 0.0 0.0
90.67033516758379 0.0 0.0 0.0 0.0
90.79539769884943 0.0 0.0 0.0 0.0
90.92046023011505 0.0 0.0 0.0 0.0
91.0455227613807 0.0 0.0 0.0 0.0
91.17058529264632 0.0 0.0 0.0 0.0
91.29564782391195 0.0 0.0 0.0 0.0
91.42071035517759 0.0 0.0 0.0 0.0
91.54577288644322 0.0 0.0 0.0 0.0
91.67083541770886 0.0 0.0 0.0 0.0
91.79589794897448 0.0 0.0 0.0 0.0
91.92096048024013 0.0 0.0 0.0 0.0
92.04602301150575 0.0 0.0 0.0 0.0
92.17108554277138 0.0 0.0 0.0 0.0
92.29614807403702 0.0 0.0 0.0 0.0
92.42121060530265 0.0 0.0 0.0 0.0
92.54627313656829 0.0 0.0 0.0 0.0
92.67133566783392 0.0 0.0 0.0 0.0
92.79639819909956 0.0 0.0 0.0 0.0
92.92146073036518 0.0 0.0 0.0 0.0
93.04652326163081 0.0 0.0 0.0 0.0
93.17158579289645 0.0 0.0 0.0 0.0
93.29664832416208 0.0 0.0 0.0 0.0
93.42171085542772 0.0 0.0 0.0 0.0
93.54677338669335 0.0 0.0 0.0 0.0
93.67183591795897 0.0 0.0 0.0 0.0
93.79689844922461 0.0 0.0 0.0 0.0
93.92196098049024 0.0 0.0 0.0 0.0
94.04702351175588 0.0 0.0 0.0 0.0
94.17208604302151 0.0 0.0 0.0 0.0
94.29714857428715 0.0 0.0 0.0 0.0
94.42221110555278 0.0 0.0 0.0 0.0
94.5472736368184 0.0 0.0 0.0 0.0
94.67233616808404 0.0 0.0 0.0 0.0
94.79739869934967 0.0 0.0 0.0 0.0
94.92246123061531 0.0 0.0 0.0 0.0
95.04752376188094 0.0 0.0 0.0 0.0
95.17258629314658 0.0 0.0 0.0 0.0
95.2976488244122 0.0 0.0 0.0 0.0
95.42271135567783 0.0 0.0 0.0 0.0
95.54777388694347 0.0 0.0 0.0 0.0
95.6728364182091 0.0 0.0 0.0 0.0
95.79789894947474 0.0 0.0 0.0 0.0
95.92296148074037 0.0 0.0 0.0 0.0
96.048024012006 0.0 0.0 0.0 0.0
96.17308654327164 0.0 0.0 0.0 0.0
96.29814907453726 0.0 0.0 0.0 0.0
96.4232116058029 0.0 0.0 0.0 0.0
96.54827413706853 0.0 0.0 0.0 0.0
96.67333666833417 0.0 0.0 0.0 0.0
96.7983991995998 0.0 0.0 0.0 0.0
96.92346173086543 0.0 0.0 0.0 0.0
97.04852426213107 0.0 0.0 0.0 0.0
97.1735867933967 0.0 0.0 0.0 0.0
97.29864932466234 0.0 0.0 0.0 0.0
97.42371185592796 0.0 0.0 0.0 0.0
97.5487743871936 0.0 0.0 0.0 0.0
97.67383691845923 0.0 0.0 0.0 0.0
97.79889944972486 0.0 0.0 0.0 0.0
97.9239619809905 0.0 0.0 0.0 0.0
98.04902451225612 0.0 0.0 0.0 0.0
98.17408704352177 0.0 0.0 0.0 0.0
98.29914957478739 0.0 0.0 0.0 0.0
98.42421210605302 0.0 0.0 0.0 0.0
98.54927463731866 0.0 0.0 0.0 0.0
98.67433716858429 0.0 0.0 0.0 0.0
98.79939969984993 0.0 0.0 0.0 0.0
98.92446223111556 0.0 0.0 0.0 0.0
99.0495247623812 0.0 0.0 0.0 0.0
99.17458729364682 0.0 0.0 0.0 0.0
99.29964982491245 0.0 0.0 0.0 0.0
99.42471235617809 0.0 0.0 0.0 0.0
99.54977488744372 0.0 0.0 0.0 0.0
99.67483741870936 0.0 0.0 0.0 0.0
99.79989994997499 0.0 0.0 0.0 0.0
99.92496248124063 0.0 0.0 0.0 0.0
100.05002501250625 0.0 0.0 0.0 0.0
100.17508754377188 0.0 0.0 0.0 0.0
100.30015007503752 0.0 0.0 0.0 0.0
100.42521260630315 0.0 0.0 0.0 0.0
100.55027513756879 0.0 0.0 0.0 0.0
100.67533766883442 0.0 0.0 0.0 0.0
100.80040020010004 0.0 0.0 0.0 0.0
100.92546273136568 0.0 0.0 0.0 0.0
101.05052526263131 0.0 0.0 0.0 0.0
101.17558779389695 0.0 0.0 0.0 0.0
101.30065032516258 0.0 0.0 0.0 0.0
101.42571285642822 0.0 0.0 0.0 0.0
101.55077538769385 0.0 0.0 0.0 0.0
101.67583791895947 0.0 0.0 0.0 0.0
101.80090045022511 0.0 0.0 0.0 0.0
101.92596298149074 0.0 0.0 0.0 0.0
102.05102551275638 0.0 0.0 0.0 0.0
102.17608804402201 0.0 0.0 0.0 0.0
102.30115057528765 0.0 0.0 0.0 0.0
102.42621310655328 0.0 0.0 0.0 0.0
102.5512756378189 0.0 0.0 0.0 0.0
102.67633816908454 0.0 0.0 0.0 0.0
102.80140070035017 0.0 0.0 0.0 0.0
102.92646323161581 0.0 0.0 0.0 0.0
103.05152576288144 0.0 0.0 0.0 0.0
103.17658829414707 0.0 0.0 0.0 0.0
103.30165082541271 0.0 0.0 0.0 0.0
103.42671335667833 0.0 0.0 0.0 0.0
103.55177588794398 0.0 0.0 0.0 0.0
103.6768384192096 0.0 0.0 0.0 0.0
103.80190095047524 0.0 0.0 0.0 0.0
103.92696348174087 0.0 0.0 0.0 0.0
104.0520260130065 0.0 0.0 0.0 0.0
104.17708854427214 0.0 0.0 0.0 0.0
104.30215107553776 0.0 0.0 0.0 0.0
104.4272136068034 0.0 0.0 0.0 0.0
104.55227613806903 0.0 0.0 0.0 0.0
104.67733866933467 0.0 0.0 0.0 0.0
104.8024012006003 0.0 0.0 0.0 0.0
104.92746373186593 0.0 0.0 0.0 0.0
105.05252626313157 0.0 0.0 0.0 0.0
105.1775887943972 0.0 0.0 0.0 0.0
105.30265132566284 0.0 0.0 0.0 0.0
105.42771385692846 0.0 0.0 0.0 0.0
105.5527763881941 0.0 0.0 0.0 0.0
105.67783891945973 0.0 0.0 0.0 0.0
105.80290145072536 0.0 0.0 0.0 0.0
105.927963981991 0.0 0.0 0.0 0.0
106.05302651325663 0.0 0.0 0.0 0.0
106.17808904452227 0.0 0.0 0.0 0.0
106.3031515757879 0.0 0.0 0.0 0.0
106.42821410705352 0.0 0.0 0.0 0.0
106.55327663831916 0.0 0.0 0.0 0.0
106.67833916958479 0.0 0.0 0.0 0.0
106.80340170085043 0.0 0.0 0.0 0.0
106.92846423211606 0.0 0.0 0.0 0.0
107.0535267633817 0.0 0.0 0.0 0.0
107.17858929464732 0.0 0.0 0.0 0.0
107.30365182591295 0.0 0.0 0.0 0.0
107.42871435717859 0.0 0.0 0.0 0.0
107.55377688844422 0.0 0.0 0.0 0.0
107.67883941970986 0.0 0.0 0.0 0.0
107.80390195097549 0.0 0.0 0.0 0.0
107.92896448224113 0.0 0.0 0.0 0.0
108.05402701350675 0.0 0.0 0.0 0.0
108.17908954477238 0.0 0.0 0.0 0.0
108.30415207603802 0.0 0.0 0.0 0.0
108.42921460730365 0.0 0.0 0.0 0.0
108.55427713856929 0.0 0.0 0.0 0.0
108.67933966983492 0.0 0.0 0.0 0.0
108.80440220110054 0.0 0.0 0.0 0.0
108.92946473236618 0.0 0.0 0.0 0.0
109.05452726363181 0.0 0.0 0.0 0.0
109.17958979489745 0.0 0.0 0.0 0.0
109.30465232616308 0.0 0.0 0.0 0.0
109.42971485742872 0.0 0.0 0.0 0.0
109.55477738869435 0.0 0.0 0.0 0.0
109.67983991995997 0.0 0.0 0.0 0.0
109.80490245122562 0.0 0.0 0.0 0.0
109.92996498249124 0.0 0.0 0.0 0.0
110.05502751375688 0.0 0.0 0.0 0.0
110.18009004502251 0.0 0.0 0.0 0.0
110.30515257628815 0.0 0.0 0.0 0.0
110.43021510755378 0.0 0.0 0.0 0.0
110.5552776388194 0.0 0.0 0.0 0.0
110.68034017008505 0.0 0.0 0.0 0.0
110.80540270135067 0.0 0.0 0.0 0.0
110.93046523261631 0.0 0.0 0.0 0.0
111.05552776388194 0.0 0.0 0.0 0.0
111.18059029514757 0.0 0.0 0.0 0.0
111.30565282641321 0.0 0.0 0.0 0.0
111.43071535767884 0.0 0.0 0.0 0.0
111.55577788894448 0.0 0.0 0.0 0.0
111.6808404202101 0.0 0.0 0.0 0.0
111.80590295147574 0.0 0.0 0.0 0.0
111.93096548274137 0.0 0.0 0.0 0.0
112.056028014007 0.0 0.0 0.0 0.0
112.18109054527264 0.0 0.0 0.0 0.0
112.30615307653827 0.0 0.0 0.0 0.0
112.4312156078039 0.0 0.0 0.0 0.0
112.55627813906953 0.0 0.0 0.0 0.0
112.68134067033517 0.0 0.0 0.0 0.0
112.8064032016008 0.0 0.0 0.0 0.0
112.93146573286643 0.0 0.0 0.0 0.0
113.05652826413207 0.0 0.0 0.0 0.0
113.1815907953977 0.0 0.0 0.0 0.0
113.30665332666334 0.0 0.0 0.0 0.0
113.43171585792896 0.0 0.0 0.0 0.0
113.55677838919459 0.0 0.0 0.0 0.0
113.68184092046023 0.0 0.0 0.0 0.0
113.80690345172586 0.0 0.0 0.0 0.0
113.9319659829915 0.0 0.0 0.0 0.0
114.05702851425713 0.0 0.0 0.0 0.0
114.18209104552277 0.0 0.0 0.0 0.0
114.3071535767884 0.0 0.0 0.0 0.0
114.43221610805402 0.0 0.0 0.0 0.0
114.55727863931966 0.0 0.0 0.0 0.0
114.68234117058529 0.0 0.0 0.0 0.0
114.80740370185093 0.0 0.0 0.0 0.0
114.93246623311656 0.0 0.0 0.0 0.0
115.0575287643822 0.0 0.0 0.0 0.0
115.18259129564782 0.0 0.0 0.0 0.0
115.30765382691345 0.0 0.0 0.0 0.0
115.43271635817909 0.0 0.0 0.0 0.0
115.55777888944472 0.0 0.0 0.0 0.0
115.68284142071036 0.0 0.0 0.0 0.0
115.80790395197599 0.0 0.0 0.0 0.0
115.93296648324161 0.0 0.0 0.0 0.0
116.05802901450726 0.0 0.0 0.0 0.0
116.18309154577288 0.0 0.0 0.0 0.0
116.30815407703852 0.0 0.0 0.0 0.0
116.43321660830415 0.0 0.0 0.0 0.0
116.55827913956979 0.0 0.0 0.0 0.0
116.68334167083542 0.0 0.0 0.0 0.0
116.80840420210104 0.0 0.0 0.0 0.0
116.93346673336669 0.0 0.0 0.0 0.0
117.05852926463231 0.0 0.0 0.0 0.0
117.18359179589795 0.0 0.0 0.0 0.0
117.30865432716358 0.0 0.0 0.0 0.0
117.43371685842922 0.0 0.0 0.0 0.0
117.55877938969485 0.0 0.0 0.0 0.0
117.68384192096048 0.0 0.0 0.0 0.0
117.80890445222612 0.0 0.0 0.0 0.0
117.93396698349174 0.0 0.0 0.0 0.0
118.05902951475738 0.0 0.0 0.0 0.0
118.18409204602301 0.0 0.0 0.0 0.0
118.30915457728864 0.0 0.0 0.0 0.0
118.43421710855428 0.0 0.0 0.0 0.0
118.5592796398199 0.0 0.0 0.0 0.0
118.68434217108555 0.0 0.0 0.0 0.0
118.80940470235117 0.0 0.0 0.0 0.0
118.93446723361681 0.0 0.0 0.0 0.0
119.05952976488244 0.0 0.0 0.0 0.0
119.18459229614807 0.0 0.0 0.0 0.0
119.30965482741371 0.0 0.0 0.0 0.0
119.43471735867934 0.0 0.0 0.0 0.0
119.55977988994498 0.0 0.0 0.0 0.0
119.6848424212106 0.0 0.0 0.0 0.0
119.80990495247624 0.0 0.0 0.0 0.0
119.93496748374187 0.0 0.0 0.0 0.0
120.0600300150075 0.0 0.0 0.0 0.0
120.18509254627314 0.0 0.0 0.0 0.0
120.31015507753877 0.0 0.0 0.0 0.0
120.43521760880441 0.0 0.0 0.0 0.0
120.56028014007003 0.0 0.0 0.0 0.0
120.68534267133566 0.0 0.0 0.0 0.0
120.8104052026013 0.0 0.0 0.0 0.0
120.93546773386693 0.0 0.0 0.0 0.0
121.06053026513257 0.0 0.0 0.0 0.0
121.1855927963982 0.0 0.0 0.0 0.0
121.31065532766384 0.0 0.0 0.0 0.0
121.43571785892946 0.0 0.0 0.0 0.0
121.56078039019509 0.0 0.0 0.0 0.0
121.68584292146073 0.0 0.0 0.0 0.0
121.81090545272636 0.0 0.0 0.0 0.0
121.935967983992 0.0 0.0 0.0 0.0
122.06103051525763 0.0 0.0 0.0 0.0
122.18609304652327 0.0 0.0 0.0 0.0
122.3111555777889 0.0 0.0 0.0 0.0
122.43621810905452 0.0 0.0 0.0 0.0
122.56128064032016 0.0 0.0 0.0 0.0
122.68634317158579 0.0 0.0 0.0 0.0
122.81140570285143 0.0 0.0 0.0 0.0
122.93646823411706 0.0 0.0 0.0 0.0
123.06153076538268 0.0 0.0 0.0 0.0
123.18659329664833 0.0 0.0 0.0 0.0
123.31165582791395 0.0 0.0 0.0 0.0
123.4367183591796 0.0 0.0 0.0 0.0
123.56178089044522 0.0 0.0 0.0 0.0
123.68684342171086 0.0 0.0 0.0 0.0
123.81190595297649 0.0 0.0 0.0 0.0
123.93696848424212 0.0 0.0 0.0 0.0
124.06203101550776 0.0 0.0 0.0 0.0
124.18709354677338 0.0 0.0 0.0 0.0
124.31215607803902 0.0 0.0 0.0 0.0
124.43721860930465 0.0 0.0 0.0 0.0
124.56228114057029 0.0 0.0 0.0 0.0
124.68734367183592 0.0 0.0 0.0 0.0
124.81240620310155 0.0 0.0 0.0 0.0
124.93746873436719 0.0 0.0 0.0 0.0
125.06253126563281 0.0 0.0 0.0 0.0
125.18759379689845 0.0 0.0 0.0 0.0
125.31265632816408 0.0 0.0 0.0 0.0
125.43771885942971 0.0 0.0 0.0 0.0
125.56278139069535 0.0 0.0 0.0 0.0
125.68784392196098 0.0 0.0 0.0 0.0
125.81290645322662 0.0 0.0 0.0 0.0
125.93796898449224 0.0 0.0 0.0 0.0
126.06303151575788 0.0 0.0 0.0 0.0
126.18809404702351 0.0 0.0 0.0 0.0
126.31315657828914 0.0 0.0 0.0 0.0
126.43821910955478 0.0 0.0 0.0 0.0
126.5632816408204 0.0 0.0 0.0 0.0
126.68834417208605 0.0 0.0 0.0 0.0
126.81340670335167 0.0 0.0 0.0 0.0
126.93846923461732 0.0 0.0 0.0 0.0
127.06353176588294 0.0 0.0 0.0 0.0
127.18859429714857 0.0 0.0 0.0 0.0
127.31365682841421 0.0 0.0 0.0 0.0
127.43871935967984 0.0 0.0 0.0 0.0
127.56378189094548 0.0 0.0 0.0 0.0
127.6888444222111 0.0 0.0 0.0 0.0
127.81390695347673 0.0 0.0 0.0 0.0
127.93896948474237 0.0 0.0 0.0 0.0
128.064032016008 0.0 0.0 0.0 0.0
128.18909454727364 0.0 0.0 0.0 0.0
128.31415707853927 0.0 0.0 0.0 0.0
128.4392196098049 0.0 0.0 0.0 0.0
128.56428214107055 0.0 0.0 0.0 0.0
128.68934467233618 0.0 0.0 0.0 0.0
128.8144072036018 0.0 0.0 0.0 0.0
128.93946973486743 0.0 0.0 0.0 0.0
129.06453226613306 0.0 0.0 0.0 0.0
129.1895947973987 0.0 0.0 0.0 0.0
129.31465732866434 0.0 0.0 0.0 0.0
129.43971985992997 0.0 0.0 0.0 0.0
129.5647823911956 0.0 0.0 0.0 0.0
129.68984492246122 0.0 0.0 0.0 0.0
129.81490745372687 0.0 0.0 0.0 0.0
129.9399699849925 0.0 0.0 0.0 0.0
130.06503251625813 0.0 0.0 0.0 0.0
130.19009504752376 0.0 0.0 0.0 0.0
130.31515757878938 0.0 0.0 0.0 0.0
130.44022011005504 0.0 0.0 0.0 0.0
130.56528264132066 0.0 0.0 0.0 0.0
130.6903451725863 0.0 0.0 0.0 0.0
130.81540770385192 0.0 0.0 0.0 0.0
130.94047023511757 0.0 0.0 0.0 0.0
131.0655327663832 0.0 0.0 0.0 0.0
131.19059529764883 0.0 0.0 0.0 0.0
131.31565782891445 0.0 0.0 0.0 0.0
131.44072036018008 0.0 0.0 0.0 0.0
131.56578289144574 0.0 0.0 0.0 0.0
131.69084542271136 0.0 0.0 0.0 0.0
131.815907953977 0.0 0.0 0.0 0.0
131.94097048524262 0.0 0.0 0.0 0.0
132.06603301650824 0.0 0.0 0.0 0.0
132.1910955477739 0.0 0.0 0.0 0.0
132.31615807903952 0.0 0.0 0.0 0.0
132.44122061030515 0.0 0.0 0.0 0.0
132.56628314157078 0.0 0.0 0.0 0.0
132.6913456728364 0.0 0.0 0.0 0.0
132.81640820410206 0.0 0.0 0.0 0.0
132.9414707353677 0.0 0.0 0.0 0.0
133.06653326663331 0.0 0.0 0.0 0.0
133.19159579789894 0.0 0.0 0.0 0.0
133.3166583291646 0.0 0.0 0.0 0.0
133.44172086043022 0.0 0.0 0.0 0.0
133.56678339169585 0.0 0.0 0.0 0.0
133.69184592296148 0.0 0.0 0.0 0.0
133.8169084542271 0.0 0.0 0.0 0.0
133.94197098549276 0.0 0.0 0.0 0.0
134.06703351675839 0.0 0.0 0.0 0.0
134.192096048024 0.0 0.0 0.0 0.0
134.31715857928964 0.0 0.0 0.0 0.0
134.44222111055527 0.0 0.0 0.0 0.0
134.56728364182092 0.0 0.0 0.0 0.0
134.69234617308655 0.0 0.0 0.0 0.0
134.81740870435218 0.0 0.0 0.0 0.0
134.9424712356178 0.0 0.0 0.0 0.0
135.06753376688343 0.0 0.0 0.0 0.0
135.19259629814908 0.0 0.0 0.0 0.0
135.3176588294147 0.0 0.0 0.0 0.0
135.44272136068034 0.0 0.0 0.0 0.0
135.56778389194596 0.0 0.0 0.0 0.0
135.69284642321162 0.0 0.0 0.0 0.0
135.81790895447725 0.0 0.0 0.0 0.0
135.94297148574287 0.0 0.0 0.0 0.0
136.0680340170085 0.0 0.0 0.0 0.0
136.19309654827413 0.0 0.0 0.0 0.0
136.31815907953978 0.0 0.0 0.0 0.0
136.4432216108054 0.0 0.0 0.0 0.0
136.56828414207104 0.0 0.0 0.0 0.0
136.69334667333666 0.0 0.0 0.0 0.0
136.8184092046023 0.0 0.0 0.0 0.0
136.94347173586794 0.0 0.0 0.0 0.0
137.06853426713357 0.0 0.0 0.0 0.0
137.1935967983992 0.0 0.0 0.0 0.0
137.31865932966483 0.0 0.0 0.0 0.0
137.44372186093045 0.0 0.0 0.0 0.0
137.5687843921961 0.0 0.0 0.0 0.0
137.69384692346173 0.0 0.0 0.0 0.0
137.81890945472736 0.0 0.0 0.0 0.0
137.943971985993 0.0 0.0 0.0 0.0
138.06903451725864 0.0 0.0 0.0 0.0
138.19409704852427 0.0 0.0 0.0 0.0
138.3191595797899 0.0 0.0 0.0 0.0
138.44422211105552 0.0 0.0 0.0 0.0
138.56928464232115 0.0 0.0 0.0 0.0
138.6943471735868 0.0 0.0 0.0 0.0
138.81940970485243 0.0 0.0 0.0 0.0
138.94447223611806 0.0 0.0 0.0 0.0
139.0695347673837 0.0 0.0 0.0 0.0
139.1945972986493 0.0 0.0 0.0 0.0
139.31965982991497 0.0 0.0 0.0 0.0
139.4447223611806 0.0 0.0 0.0 0.0
139.56978489244622 0.0 0.0 0.0 0.0
139.69484742371185 0.0 0.0 0.0 0.0
139.81990995497748 0.0 0.0 0.0 0.0
139.94497248624313 0.0 0.0 0.0 0.0
140.07003501750876 0.0 0.0 0.0 0.0
140.19509754877438 0.0 0.0 0.0 0.0
140.32016008004 0.0 0.0 0.0 0.0
140.44522261130567 0.0 0.0 0.0 0.0
140.5702851425713 0.0 0.0 0.0 0.0
140.69534767383692 0.0 0.0 0.0 0.0
140.82041020510255 0.0 0.0 0.0 0.0
140.94547273636817 0.0 0.0 0.0 0.0
141.07053526763383 0.0 0.0 0.0 0.0
141.19559779889946 0.0 0.0 0.0 0.0
141.32066033016508 0.0 0.0 0.0 0.0
141.4457228614307 0.0 0.0 0.0 0.0
141.57078539269634 0.0 0.0 0.0 0.0
141.695847923962 0.0 0.0 0.0 0.0
141.82091045522762 0.0 0.0 0.0 0.0
141.94597298649325 0.0 0.0 0.0 0.0
142.07103551775887 0.0 0.0 0.0 0.0
142.1960980490245 0.0 0.0 0.0 0.0
142.32116058029015 0.0 0.0 0.0 0.0
142.44622311155578 0.0 0.0 0.0 0.0
142.5712856428214 0.0 0.0 0.0 0.0
142.69634817408703 0.0 0.0 0.0 0.0
142.8214107053527 0.0 0.0 0.0 0.0
142.94647323661832 0.0 0.0 0.0 0.0
143.07153576788394 0.0 0.0 0.0 0.0
143.19659829914957 0.0 0.0 0.0 0.0
143.3216608304152 0.0 0.0 0.0 0.0
143.44672336168085 0.0 0.0 0.0 0.0
143.57178589294648 0.0 0.0 0.0 0.0
143.6968484242121 0.0 0.0 0.0 0.0
143.82191095547773 0.0 0.0 0.0 0.0
143.94697348674336 0.0 0.0 0.0 0.0
144.07203601800902 0.0 0.0 0.0 0.0
144.19709854927464 0.0 0.0 0.0 0.0
144.32216108054027 0.0 0.0 0.0 0.0
144.4472236118059 0.0 0.0 0.0 0.0
144.57228614307152 0.0 0.0 0.0 0.0
144.69734867433718 0.0 0.0 0.0 0.0
144.8224112056028 0.0 0.0 0.0 0.0
144.94747373686843 0.0 0.0 0.0 0.0
145.07253626813406 0.0 0.0 0.0 0.0
145.1975987993997 0.0 0.0 0.0 0.0
145.32266133066534 0.0 0.0 0.0 0.0
145.44772386193097 0.0 0.0 0.0 0.0
145.5727863931966 0.0 0.0 0.0 0.0
145.69784892446222 0.0 0.0 0.0 0.0
145.82291145572788 0.0 0.0 0.0 0.0
145.9479739869935 0.0 0.0 0.0 0.0
146.07303651825913 0.0 0.0 0.0 0.0
146.19809904952476 0.0 0.0 0.0 0.0
146.32316158079038 0.0 0.0 0.0 0.0
146.44822411205604 0.0 0.0 0.0 0.0
146.57328664332167 0.0 0.0 0.0 0.0
146.6983491745873 0.0 0.0 0.0 0.0
146.82341170585292 0.0 0.0 0.0 0.0
146.94847423711855 0.0 0.0 0.0 0.0
147.0735367683842 0.0 0.0 0.0 0.0
147.19859929964983 0.0 0.0 0.0 0.0
147.32366183091546 0.0 0.0 0.0 0.0
147.44872436218108 0.0 0.0 0.0 0.0
147.57378689344674 0.0 0.0 0.0 0.0
147.69884942471236 0.0 0.0 0.0 0.0
147.823911955978 0.0 0.0 0.0 0.0
147.94897448724362 0.0 0.0 0.0 0.0
148.07403701850924 0.0 0.0 0.0 0.0
148.1990995497749 0.0 0.0 0.0 0.0
148.32416208104053 0.0 0.0 0.0 0.0
148.44922461230615 0.0 0.0 0.0 0.0
148.57428714357178 0.0 0.0 0.0 0.0
148.6993496748374 0.0 0.0 0.0 0.0
148.82441220610306 0.0 0.0 0.0 0.0
148.9494747373687 0.0 0.0 0.0 0.0
149.07453726863432 0.0 0.0 0.0 0.0
149.19959979989994 0.0 0.0 0.0 0.0
149.32466233116557 0.0 0.0 0.0 0.0
149.44972486243122 0.0 0.0 0.0 0.0
149.57478739369685 0.0 0.0 0.0 0.0
149.69984992496248 0.0 0.0 0.0 0.0
149.8249124562281 0.0 0.0 0.0 0.0
149.94997498749376 0.0 0.0 0.0 0.0
150.0750375187594 0.0 0.0 0.0 0.0
150.20010005002501 0.0 0.0 0.0 0.0
150.32516258129064 0.0 0.0 0.0 0.0
150.45022511255627 0.0 0.0 0.0 0.0
150.57528764382192 0.0 0.0 0.0 0.0
150.70035017508755 0.0 0.0 0.0 0.0
150.82541270635318 0.0 0.0 0.0 0.0
150.9504752376188 0.0 0.0 0.0 0.0
151.07553776888443 0.0 0.0 0.0 0.0
151.20060030015009 0.0 0.0 0.0 0.0
151.3256628314157 0.0 0.0 0.0 0.0
151.45072536268134 0.0 0.0 0.0 0.0
151.57578789394697 0.0 0.0 0.0 0.0
151.7008504252126 0.0 0.0 0.0 0.0
151.82591295647825 0.0 0.0 0.0 0.0
151.95097548774388 0.0 0.0 0.0 0.0
152.0760380190095 0.0 0.0 0.0 0.0
152.20110055027513 0.0 0.0 0.0 0.0
152.32616308154078 0.0 0.0 0.0 0.0
152.4512256128064 0.0 0.0 0.0 0.0
152.57628814407204 0.0 0.0 0.0 0.0
152.70135067533766 0.0 0.0 0.0 0.0
152.8264132066033 0.0 0.0 0.0 0.0
152.95147573786895 0.0 0.0 0.0 0.0
153.07653826913457 0.0 0.0 0.0 0.0
153.2016008004002 0.0 0.0 0.0 0.0
153.32666333166583 0.0 0.0 0.0 0.0
153.45172586293145 0.0 0.0 0.0 0.0
153.5767883941971 0.0 0.0 0.0 0.0
153.70185092546274 0.0 0.0 0.0 0.0
153.82691345672836 0.0 0.0 0.0 0.0
153.951975987994 0.0 0.0 0.0 0.0
154.07703851925962 0.0 0.0 0.0 0.0
154.20210105052527 0.0 0.0 0.0 0.0
154.3271635817909 0.0 0.0 0.0 0.0
154.45222611305653 0.0 0.0 0.0 0.0
154.57728864432215 0.0 0.0 0.0 0.0
154.7023511755878 0.0 0.0 0.0 0.0
154.82741370685343 0.0 0.0 0.0 0.0
154.95247623811906 0.0 0.0 0.0 0.0
155.0775387693847 0.0 0.0 0.0 0.0
155.20260130065031 0.0 0.0 0.0 0.0
155.32766383191597 0.0 0.0 0.0 0.0
155.4527263631816 0.0 0.0 0.0 0.0
155.57778889444722 0.0 0.0 0.0 0.0
155.70285142571285 0.0 0.0 0.0 0.0
155.82791395697848 0.0 0.0 0.0 0.0
155.95297648824413 0.0 0.0 0.0 0.0
156.07803901950976 0.0 0.0 0.0 0.0
156.2031015507754 0.0 0.0 0.0 0.0
156.328164082041 0.0 0.0 0.0 0.0
156.45322661330664 0.0 0.0 0.0 0.0
156.5782891445723 0.0 0.0 0.0 0.0
156.70335167583792 0.0 0.0 0.0 0.0
156.82841420710355 0.0 0.0 0.0 0.0
156.95347673836918 0.0 0.0 0.0 0.0
157.07853926963483 0.0 0.0 0.0 0.0
157.20360180090046 0.0 0.0 0.0 0.0
157.32866433216608 0.0 0.0 0.0 0.0
157.4537268634317 0.0 0.0 0.0 0.0
157.57878939469734 0.0 0.0 0.0 0.0
157.703851925963 0.0 0.0 0.0 0.0
157.82891445722862 0.0 0.0 0.0 0.0
157.95397698849425 0.0 0.0 0.0 0.0
158.07903951975987 0.0 0.0 0.0 0.0
158.2041020510255 0.0 0.0 0.0 0.0
158.32916458229116 0.0 0.0 0.0 0.0
158.45422711355678 0.0 0.0 0.0 0.0
158.5792896448224 0.0 0.0 0.0 0.0
158.70435217608804 0.0 0.0 0.0 0.0
158.82941470735366 0.0 0.0 0.0 0.0
158.95447723861932 0.0 0.0 0.0 0.0
159.07953976988495 0.0 0.0 0.0 0.0
159.20460230115057 0.0 0.0 0.0 0.0
159.3296648324162 0.0 0.0 0.0 0.0
159.45472736368185 0.0 0.0 0.0 0.0
159.57978989494748 0.0 0.0 0.0 0.0
159.7048524262131 0.0 0.0 0.0 0.0
159.82991495747874 0.0 0.0 0.0 0.0
159.95497748874436 0.0 0.0 0.0 0.0
160.08004002001002 0.0 0.0 0.0 0.0
160.20510255127564 0.0 0.0 0.0 0.0
160.33016508254127 0.0 0.0 0.0 0.0
160.4552276138069 0.0 0.0 0.0 0.0
160.58029014507252 0.0 0.0 0.0 0.0
160.70535267633818 0.0 0.0 0.0 0.0
160.8304152076038 0.0 0.0 0.0 0.0
160.95547773886943 0.0 0.0 0.0 0.0
161.08054027013506 0.0 0.0 0.0 0.0
161.2056028014007 0.0 0.0 0.0 0.0
161.33066533266634 0.0 0.0 0.0 0.0
161.45572786393197 0.0 0.0 0.0 0.0
161.5807903951976 0.0 0.0 0.0 0.0
161.70585292646322 0.0 0.0 0.0 0.0
161.83091545772888 0.0 0.0 0.0 0.0
161.9559779889945 0.0 0.0 0.0 0.0
162.08104052026013 0.0 0.0 0.0 0.0
162.20610305152576 0.0 0.0 0.0 0.0
162.33116558279139 0.0 0.0 0.0 0.0
162.45622811405704 0.0 0.0 0.0 0.0
162.58129064532267 0.0 0.0 0.0 0.0
162.7063531765883 0.0 0.0 0.0 0.0
162.83141570785392 0.0 0.0 0.0 0.0
162.95647823911955 0.0 0.0 0.0 0.0
163.0815407703852 0.0 0.0 0.0 0.0
163.20660330165083 0.0 0.0 0.0 0.0
163.33166583291646 0.0 0.0 0.0 0.0
163.45672836418208 0.0 0.0 0.0 0.0
163.5817908954477 0.0 0.0 0.0 0.0
163.70685342671337 0.0 0.0 0.0 0.0
163.831915957979 0.0 0.0 0.0 0.0
163.95697848924462 0.0 0.0 0.0 0.0
164.08204102051025 0.0 0.0 0.0 0.0
164.2071035517759 0.0 0.0 0.0 0.0
164.33216608304153 0.0 0.0 0.0 0.0
164.45722861430716 0.0 0.0 0.0 0.0
164.58229114557278 0.0 0.0 0.0 0.0
164.7073536768384 0.0 0.0 0.0 0.0
164.83241620810406 0.0 0.0 0.0 0.0
164.9574787393697 0.0 0.0 0.0 0.0
165.08254127063532 0.0 0.0 0.0 0.0
165.20760380190094 0.0 0.0 0.0 0.0
165.33266633316657 0.0 0.0 0.0 0.0
165.45772886443223 0.0 0.0 0.0 0.0
165.58279139569785 0.0 0.0 0.0 0.0
165.70785392696348 0.0 0.0 0.0 0.0
165.8329164582291 0.0 0.0 0.0 0.0
165.95797898949473 0.0 0.0 0.0 0.0
166.0830415207604 0.0 0.0 0.0 0.0
166.20810405202602 0.0 0.0 0.0 0.0
166.33316658329164 0.0 0.0 0.0 0.0
166.45822911455727 0.0 0.0 0.0 0.0
166.58329164582292 0.0 0.0 0.0 0.0
166.70835417708855 0.0 0.0 0.0 0.0
166.83341670835418 0.0 0.0 0.0 0.0
166.9584792396198 0.0 0.0 0.0 0.0
167.08354177088543 0.0 0.0 0.0 0.0
167.2086043021511 0.0 0.0 0.0 0.0
167.33366683341671 0.0 0.0 0.0 0.0
167.45872936468234 0.0 0.0 0.0 0.0
167.58379189594797 0.0 0.0 0.0 0.0
167.7088544272136 0.0 0.0 0.0 0.0
167.83391695847925 0.0 0.0 0.0 0.0
167.95897948974488 0.0 0.0 0.0 0.0
168.0840420210105 0.0 0.0 0.0 0.0
168.20910455227613 0.0 0.0 0.0 0.0
168.33416708354176 0.0 0.0 0.0 0.0
168.4592296148074 0.0 0.0 0.0 0.0
168.58429214607304 0.0 0.0 0.0 0.0
168.70935467733867 0.0 0.0 0.0 0.0
168.8344172086043 0.0 0.0 0.0 0.0
168.95947973986995 0.0 0.0 0.0 0.0
169.08454227113558 0.0 0.0 0.0 0.0
169.2096048024012 0.0 0.0 0.0 0.0
169.33466733366683 0.0 0.0 0.0 0.0
169.45972986493246 0.0 0.0 0.0 0.0
169.5847923961981 0.0 0.0 0.0 0.0
169.70985492746374 0.0 0.0 0.0 0.0
169.83491745872936 0.0 0.0 0.0 0.0
169.959979989995 0.0 0.0 0.0 0.0
170.08504252126062 0.0 0.0 0.0 0.0
170.21010505252627 0.0 0.0 0.0 0.0
170.3351675837919 0.0 0.0 0.0 0.0
170.46023011505753 0.0 0.0 0.0 0.0
170.58529264632315 0.0 0.0 0.0 0.0
170.71035517758878 0.0 0.0 0.0 0.0
170.83541770885444 0.0 0.0 0.0 0.0
170.96048024012006 0.0 0.0 0.0 0.0
171.0855427713857 0.0 0.0 0.0 0.0
171.21060530265132 0.0 0.0 0.0 0.0
171.33566783391697 0.0 0.0 0.0 0.0
171.4607303651826 0.0 0.0 0.0 0.0
171.58579289644823 0.0 0.0 0.0 0.0
171.71085542771385 0.0 0.0 0.0 0.0
171.83591795897948 0.0 0.0 0.0 0.0
171.96098049024513 0.0 0.0 0.0 0.0
172.08604302151076 0.0 0.0 0.0 0.0
172.2111055527764 0.0 0.0 0.0 0.0
172.33616808404201 0.0 0.0 0.0 0.0
172.46123061530764 0.0 0.0 0.0 0.0
172.5862931465733 0.0 0.0 0.0 0.0
172.71135567783892 0.0 0.0 0.0 0.0
172.83641820910455 0.0 0.0 0.0 0.0
172.96148074037018 0.0 0.0 0.0 0.0
173.0865432716358 0.0 0.0 0.0 0.0
173.21160580290146 0.0 0.0 0.0 0.0
173.3366683341671 0.0 0.0 0.0 0.0
173.4617308654327 0.0 0.0 0.0 0.0
173.58679339669834 0.0 0.0 0.0 0.0
173.711855927964 0.0 0.0 0.0 0.0
173.83691845922962 0.0 0.0 0.0 0.0
173.96198099049525 0.0 0.0 0.0 0.0
174.08704352176088 0.0 0.0 0.0 0.0
174.2121060530265 0.0 0.0 0.0 0.0
174.33716858429216 0.0 0.0 0.0 0.0
174.46223111555778 0.0 0.0 0.0 0.0
174.5872936468234 0.0 0.0 0.0 0.0
174.71235617808904 0.0 0.0 0.0 0.0
174.83741870935467 0.0 0.0 0.0 0.0
174.96248124062032 0.0 0.0 0.0 0.0
175.08754377188595 0.0 0.0 0.0 0.0
175.21260630315157 0.0 0.0 0.0 0.0
175.3376688344172 0.0 0.0 0.0 0.0
175.46273136568283 0.0 0.0 0.0 0.0
175.58779389694848 0.0 0.0 0.0 0.0
175.7128564282141 0.0 0.0 0.0 0.0
175.83791895947974 0.0 0.0 0.0 0.0
175.96298149074536 0.0 0.0 0.0 0.0
176.08804402201102 0.0 0.0 0.0 0.0
176.21310655327665 0.0 0.0 0.0 0.0
176.33816908454227 0.0 0.0 0.0 0.0
176.4632316158079 0.0 0.0 0.0 0.0
176.58829414707353 0.0 0.0 0.0 0.0
176.71335667833918 0.0 0.0 0.0 0.0
176.8384192096048 0.0 0.0 0.0 0.0
176.96348174087044 0.0 0.0 0.0 0.0
177.08854427213606 0.0 0.0 0.0 0.0
177.2136068034017 0.0 0.0 0.0 0.0
177.33866933466734 0.0 0.0 0.0 0.0
177.46373186593297 0.0 0.0 0.0 0.0
177.5887943971986 0.0 0.0 0.0 0.0
177.71385692846422 0.0 0.0 0.0 0.0
177.83891945972985 0.0 0.0 0.0 0.0
177.9639819909955 0.0 0.0 0.0 0.0
178.08904452226113 0.0 0.0 0.0 0.0
178.21410705352676 0.0 0.0 0.0 0.0
178.3391695847924 0.0 0.0 0.0 0.0
178.46423211605804 0.0 0.0 0.0 0.0
178.58929464732367 0.0 0.0 0.0 0.0
178.7143571785893 0.0 0.0 0.0 0.0
178.83941970985492 0.0 0.0 0.0 0.0
178.96448224112055 0.0 0.0 0.0 0.0
179.0895447723862 0.0 0.0 0.0 0.0
179.21460730365183 0.0 0.0 0.0 0.0
179.33966983491746 0.0 0.0 0.0 0.0
179.46473236618309 0.0 0.0 0.0 0.0
179.5897948974487 0.0 0.0 0.0 0.0
179.71485742871437 0.0 0.0 0.0 0.0
179.83991995998 0.0 0.0 0.0 0.0
179.96498249124562 0.0 0.0 0.0 0.0
180.09004502251125 0.0 0.0 0.0 0.0
180.21510755377687 0.0 0.0 0.0 0.0
180.34017008504253 0.0 0.0 0.0 0.0
180.46523261630816 0.0 0.0 0.0 0.0
180.59029514757378 0.0 0.0 0.0 0.0
180.7153576788394 0.0 0.0 0.0 0.0
180.84042021010507 0.0 0.0 0.0 0.0
180.9654827413707 0.0 0.0 0.0 0.0
181.09054527263632 0.0 0.0 0.0 0.0
181.21560780390195 0.0 0.0 0.0 0.0
181.34067033516757 0.0 0.0 0.0 0.0
181.46573286643323 0.0 0.0 0.0 0.0
181.59079539769886 0.0 0.0 0.0 0.0
181.71585792896448 0.0 0.0 0.0 0.0
181.8409204602301 0.0 0.0 0.0 0.0
181.96598299149574 0.0 0.0 0.0 0.0
182.0910455227614 0.0 0.0 0.0 0.0
182.21610805402702 0.0 0.0 0.0 0.0
182.34117058529264 0.0 0.0 0.0 0.0
182.46623311655827 0.0 0.0 0.0 0.0
182.5912956478239 0.0 0.0 0.0 0.0
182.71635817908955 0.0 0.0 0.0 0.0
182.84142071035518 0.0 0.0 0.0 0.0
182.9664832416208 0.0 0.0 0.0 0.0
183.09154577288643 0.0 0.0 0.0 0.0
183.2166083041521 0.0 0.0 0.0 0.0
183.34167083541772 0.0 0.0 0.0 0.0
183.46673336668334 0.0 0.0 0.0 0.0
183.59179589794897 0.0 0.0 0.0 0.0
183.7168584292146 0.0 0.0 0.0 0.0
183.84192096048025 0.0 0.0 0.0 0.0
183.96698349174588 0.0 0.0 0.0 0.0
184.0920460230115 0.0 0.0 0.0 0.0
184.21710855427713 0.0 0.0 0.0 0.0
184.34217108554276 0.0 0.0 0.0 0.0
184.46723361680841 0.0 0.0 0.0 0.0
184.59229614807404 0.0 0.0 0.0 0.0
184.71735867933967 0.0 0.0 0.0 0.0
184.8424212106053 0.0 0.0 0.0 0.0
184.96748374187092 0.0 0.0 0.0 0.0
185.09254627313658 0.0 0.0 0.0 0.0
185.2176088044022 0.0 0.0 0.0 0.0
185.34267133566783 0.0 0.0 0.0 0.0
185.46773386693346 0.0 0.0 0.0 0.0
185.5927963981991 0.0 0.0 0.0 0.0
185.71785892946474 0.0 0.0 0.0 0.0
185.84292146073037 0.0 0.0 0.0 0.0
185.967983991996 0.0 0.0 0.0 0.0
186.09304652326162 0.0 0.0 0.0 0.0
186.21810905452728 0.0 0.0 0.0 0.0
186.3431715857929 0.0 0.0 0.0 0.0
186.46823411705853 0.0 0.0 0.0 0.0
186.59329664832416 0.0 0.0 0.0 0.0
186.71835917958978 0.0 0.0 0.0 0.0
186.84342171085544 0.0 0.0 0.0 0.0
186.96848424212106 0.0 0.0 0.0 0.0
187.0935467733867 0.0 0.0 0.0 0.0
187.21860930465232 0.0 0.0 0.0 0.0
187.34367183591795 0.0 0.0 0.0 0.0
187.4687343671836 0.0 0.0 0.0 0.0
187.59379689844923 0.0 0.0 0.0 0.0
187.71885942971485 0.0 0.0 0.0 0.0
187.84392196098048 0.0 0.0 0.0 0.0
187.96898449224614 0.0 0.0 0.0 0.0
188.09404702351176 0.0 0.0 0.0 0.0
188.2191095547774 0.0 0.0 0.0 0.0
188.34417208604302 0.0 0.0 0.0 0.0
188.46923461730864 0.0 0.0 0.0 0.0
188.5942971485743 0.0 0.0 0.0 0.0
188.71935967983993 0.0 0.0 0.0 0.0
188.84442221110555 0.0 0.0 0.0 0.0
188.96948474237118 0.0 0.0 0.0 0.0
189.0945472736368 0.0 0.0 0.0 0.0
189.21960980490246 0.0 0.0 0.0 0.0
189.3446723361681 0.0 0.0 0.0 0.0
189.46973486743371 0.0 0.0 0.0 0.0
189.59479739869934 0.0 0.0 0.0 0.0
189.71985992996497 0.0 0.0 0.0 0.0
189.84492246123062 0.0 0.0 0.0 0.0
189.96998499249625 0.0 0.0 0.0 0.0
190.09504752376188 0.0 0.0 0.0 0.0
190.2201100550275 0.0 0.0 0.0 0.0
190.34517258629316 0.0 0.0 0.0 0.0
190.4702351175588 0.0 0.0 0.0 0.0
190.5952976488244 0.0 0.0 0.0 0.0
190.72036018009004 0.0 0.0 0.0 0.0
190.84542271135567 0.0 0.0 0.0 0.0
190.97048524262132 0.0 0.0 0.0 0.0
191.09554777388695 0.0 0.0 0.0 0.0
191.22061030515258 0.0 0.0 0.0 0.0
191.3456728364182 0.0 0.0 0.0 0.0
191.47073536768383 0.0 0.0 0.0 0.0
191.59579789894948 0.0 0.0 0.0 0.0
191.7208604302151 0.0 0.0 0.0 0.0
191.84592296148074 0.0 0.0 0.0 0.0
191.97098549274637 0.0 0.0 0.0 0.0
192.096048024012 0.0 0.0 0.0 0.0
192.22111055527765 0.0 0.0 0.0 0.0
192.34617308654327 0.0 0.0 0.0 0.0
192.4712356178089 0.0 0.0 0.0 0.0
192.59629814907453 0.0 0.0 0.0 0.0
192.72136068034018 0.0 0.0 0.0 0.0
192.8464232116058 0.0 0.0 0.0 0.0
192.97148574287144 0.0 0.0 0.0 0.0
193.09654827413706 0.0 0.0 0.0 0.0
193.2216108054027 0.0 0.0 0.0 0.0
193.34667333666835 0.0 0.0 0.0 0.0
193.47173586793397 0.0 0.0 0.0 0.0
193.5967983991996 0.0 0.0 0.0 0.0
193.72186093046523 0.0 0.0 0.0 0.0
193.84692346173085 0.0 0.0 0.0 0.0
193.9719859929965 0.0 0.0 0.0 0.0
194.09704852426214 0.0 0.0 0.0 0.0
194.22211105552776 0.0 0.0 0.0 0.0
194.3471735867934 0.0 0.0 0.0 0.0
194.47223611805902 0.0 0.0 0.0 0.0
194.59729864932467 0.0 0.0 0.0 0.0
194.7223611805903 0.0 0.0 0.0 0.0
194.84742371185592 0.0 0.0 0.0 0.0
194.97248624312155 0.0 0.0 0.0 0.0
195.0975487743872 0.0 0.0 0.0 0.0
195.22261130565283 0.0 0.0 0.0 0.0
195.34767383691846 0.0 0.0 0.0 0.0
195.4727363681841 0.0 0.0 0.0 0.0
195.5977988994497 0.0 0.0 0.0 0.0
195.72286143071537 0.0 0.0 0.0 0.0
195.847923961981 0.0 0.0 0.0 0.0
195.97298649324662 0.0 0.0 0.0 0.0
196.09804902451225 0.0 0.0 0.0 0.0
196.22311155577788 0.0 0.0 0.0 0.0
196.34817408704353 0.0 0.0 0.0 0.0
196.47323661830916 0.0 0.0 0.0 0.0
196.59829914957479 0.0 0.0 0.0 0.0
196.7233616808404 0.0 0.0 0.0 0.0
196.84842421210604 0.0 0.0 0.0 0.0
196.9734867433717 0.0 0.0 0.0 0.0
197.09854927463732 0.0 0.0 0.0 0.0
197.22361180590295 0.0 0.0 0.0 0.0
197.34867433716857 0.0 0.0 0.0 0.0
197.47373686843423 0.0 0.0 0.0 0.0
197.59879939969986 0.0 0.0 0.0 0.0
197.72386193096548 0.0 0.0 0.0 0.0
197.8489244622311 0.0 0.0 0.0 0.0
197.97398699349674 0.0 0.0 0.0 0.0
198.0990495247624 0.0 0.0 0.0 0.0
198.22411205602802 0.0 0.0 0.0 0.0
198.34917458729365 0.0 0.0 0.0 0.0
198.47423711855927 0.0 0.0 0.0 0.0
198.5992996498249 0.0 0.0 0.0 0.0
198.72436218109056 0.0 0.0 0.0 0.0
198.84942471235618 0.0 0.0 0.0 0.0
198.9744872436218 0.0 0.0 0.0 0.0
199.09954977488744 0.0 0.0 0.0 0.0
199.22461230615306 0.0 0.0 0.0 0.0
199.34967483741872 0.0 0.0 0.0 0.0
199.47473736868434 0.0 0.0 0.0 0.0
199.59979989994997 0.0 0.0 0.0 0.0
199.7248624312156 0.0 0.0 0.0 0.0
199.84992496248125 0.0 0.0 0.0 0.0
199.97498749374688 0.0 0.0 0.0 0.0
200.1000500250125 0.0 0.0 0.0 0.0
200.22511255627813 0.0 0.0 0.0 0.0
200.35017508754376 0.0 0.0 0.0 0.0
200.47523761880942 0.0 0.0 0.0 0.0
200.60030015007504 0.0 0.0 0.0 0.0
200.72536268134067 0.0 0.0 0.0 0.0
200.8504252126063 0.0 0.0 0.0 0.0
200.97548774387192 0.0 0.0 0.0 0.0
201.10055027513758 0.0 0.0 0.0 0.0
201.2256128064032 0.0 0.0 0.0 0.0
201.35067533766883 0.0 0.0 0.0 0.0
201.47573786893446 0.0 0.0 0.0 0.0
201.6008004002001 0.0 0.0 0.0 0.0
201.72586293146574 0.0 0.0 0.0 0.0
201.85092546273137 0.0 0.0 0.0 0.0
201.975987993997 0.0 0.0 0.0 0.0
202.10105052526262 0.0 0.0 0.0 0.0
202.22611305652828 0.0 0.0 0.0 0.0
202.3511755877939 0.0 0.0 0.0 0.0
202.47623811905953 0.0 0.0 0.0 0.0
202.60130065032516 0.0 0.0 0.0 0.0
202.72636318159078 0.0 0.0 0.0 0.0
202.85142571285644 0.0 0.0 0.0 0.0
202.97648824412207 0.0 0.0 0.0 0.0
203.1015507753877 0.0 0.0 0.0 0.0
203.22661330665332 0.0 0.0 0.0 0.0
203.35167583791895 0.0 0.0 0.0 0.0
203.4767383691846 0.0 0.0 0.0 0.0
203.60180090045023 0.0 0.0 0.0 0.0
203.72686343171586 0.0 0.0 0.0 0.0
203.85192596298148 0.0 0.0 0.0 0.0
203.9769884942471 0.0 0.0 0.0 0.0
204.10205102551276 0.0 0.0 0.0 0.0
204.2271135567784 0.0 0.0 0.0 0.0
204.35217608804402 0.0 0.0 0.0 0.0
204.47723861930965 0.0 0.0 0.0 0.0
204.6023011505753 0.0 0.0 0.0 0.0
204.72736368184093 0.0 0.0 0.0 0.0
204.85242621310655 0.0 0.0 0.0 0.0
204.97748874437218 0.0 0.0 0.0 0.0
205.1025512756378 0.0 0.0 0.0 0.0
205.22761380690346 0.0 0.0 0.0 0.0
205.3526763381691 0.0 0.0 0.0 0.0
205.47773886943472 0.0 0.0 0.0 0.0
205.60280140070034 0.0 0.0 0.0 0.0
205.72786393196597 0.0 0.0 0.0 0.0
205.85292646323163 0.0 0.0 0.0 0.0
205.97798899449725 0.0 0.0 0.0 0.0
206.10305152576288 0.0 0.0 0.0 0.0
206.2281140570285 0.0 0.0 0.0 0.0
206.35317658829413 0.0 0.0 0.0 0.0
206.4782391195598 0.0 0.0 0.0 0.0
206.60330165082541 0.0 0.0 0.0 0.0
206.72836418209104 0.0 0.0 0.0 0.0
206.85342671335667 0.0 0.0 0.0 0.0
206.97848924462232 0.0 0.0 0.0 0.0
207.10355177588795 0.0 0.0 0.0 0.0
207.22861430715358 0.0 0.0 0.0 0.0
207.3536768384192 0.0 0.0 0.0 0.0
207.47873936968483 0.0 0.0 0.0 0.0
207.6038019009505 0.0 0.0 0.0 0.0
207.7288644322161 0.0 0.0 0.0 0.0
207.85392696348174 0.0 0.0 0.0 0.0
207.97898949474737 0.0 0.0 0.0 0.0
208.104052026013 0.0 0.0 0.0 0.0
208.22911455727865 0.0 0.0 0.0 0.0
208.35417708854428 0.0 0.0 0.0 0.0
208.4792396198099 0.0 0.0 0.0 0.0
208.60430215107553 0.0 0.0 0.0 0.0
208.72936468234118 0.0 0.0 0.0 0.0
208.8544272136068 0.0 0.0 0.0 0.0
208.97948974487244 0.0 0.0 0.0 0.0
209.10455227613807 0.0 0.0 0.0 0.0
209.2296148074037 0.0 0.0 0.0 0.0
209.35467733866935 0.0 0.0 0.0 0.0
209.47973986993497 0.0 0.0 0.0 0.0
209.6048024012006 0.0 0.0 0.0 0.0
209.72986493246623 0.0 0.0 0.0 0.0
209.85492746373185 0.0 0.0 0.0 0.0
209.9799899949975 0.0 0.0 0.0 0.0
210.10505252626314 0.0 0.0 0.0 0.0
210.23011505752876 0.0 0.0 0.0 0.0
210.3551775887944 0.0 0.0 0.0 0.0
210.48024012006002 0.0 0.0 0.0 0.0
210.60530265132567 0.0 0.0 0.0 0.0
210.7303651825913 0.0 0.0 0.0 0.0
210.85542771385693 0.0 0.0 0.0 0.0
210.98049024512255 0.0 0.0 0.0 0.0
211.1055527763882 0.0 0.0 0.0 0.0
211.23061530765384 0.0 0.0 0.0 0.0
211.35567783891946 0.0 0.0 0.0 0.0
211.4807403701851 0.0 0.0 0.0 0.0
211.60580290145072 0.0 0.0 0.0 0.0
211.73086543271637 0.0 0.0 0.0 0.0
211.855927963982 0.0 0.0 0.0 0.0
211.98099049524762 0.0 0.0 0.0 0.0
212.10605302651325 0.0 0.0 0.0 0.0
212.23111555777888 0.0 0.0 0.0 0.0
212.35617808904453 0.0 0.0 0.0 0.0
212.48124062031016 0.0 0.0 0.0 0.0
212.6063031515758 0.0 0.0 0.0 0.0
212.7313656828414 0.0 0.0 0.0 0.0
212.85642821410704 0.0 0.0 0.0 0.0
212.9814907453727 0.0 0.0 0.0 0.0
213.10655327663832 0.0 0.0 0.0 0.0
213.23161580790395 0.0 0.0 0.0 0.0
213.35667833916958 0.0 0.0 0.0 0.0
213.48174087043523 0.0 0.0 0.0 0.0
213.60680340170086 0.0 0.0 0.0 0.0
213.73186593296649 0.0 0.0 0.0 0.0
213.8569284642321 0.0 0.0 0.0 0.0
213.98199099549774 0.0 0.0 0.0 0.0
214.1070535267634 0.0 0.0 0.0 0.0
214.23211605802902 0.0 0.0 0.0 0.0
214.35717858929465 0.0 0.0 0.0 0.0
214.48224112056027 0.0 0.0 0.0 0.0
214.6073036518259 0.0 0.0 0.0 0.0
214.73236618309156 0.0 0.0 0.0 0.0
214.85742871435718 0.0 0.0 0.0 0.0
214.9824912456228 0.0 0.0 0.0 0.0
215.10755377688844 0.0 0.0 0.0 0.0
215.23261630815406 0.0 0.0 0.0 0.0
215.35767883941972 0.0 0.0 0.0 0.0
215.48274137068535 0.0 0.0 0.0 0.0
215.60780390195097 0.0 0.0 0.0 0.0
215.7328664332166 0.0 0.0 0.0 0.0
215.85792896448226 0.0 0.0 0.0 0.0
215.98299149574788 0.0 0.0 0.0 0.0
216.1080540270135 0.0 0.0 0.0 0.0
216.23311655827914 0.0 0.0 0.0 0.0
216.35817908954476 0.0 0.0 0.0 0.0
216.48324162081042 0.0 0.0 0.0 0.0
216.60830415207604 0.0 0.0 0.0 0.0
216.73336668334167 0.0 0.0 0.0 0.0
216.8584292146073 0.0 0.0 0.0 0.0
216.98349174587293 0.0 0.0 0.0 0.0
217.10855427713858 0.0 0.0 0.0 0.0
217.2336168084042 0.0 0.0 0.0 0.0
217.35867933966983 0.0 0.0 0.0 0.0
217.48374187093546 0.0 0.0 0.0 0.0
217.6088044022011 0.0 0.0 0.0 0.0
217.73386693346674 0.0 0.0 0.0 0.0
217.85892946473237 0.0 0.0 0.0 0.0
217.983991995998 0.0 0.0 0.0 0.0
218.10905452726362 0.0 0.0 0.0 0.0
218.23411705852928 0.0 0.0 0.0 0.0
218.3591795897949 0.0 0.0 0.0 0.0
218.48424212106053 0.0 0.0 0.0 0.0
218.60930465232616 0.0 0.0 0.0 0.0
218.7343671835918 0.0 0.0 0.0 0.0
218.85942971485744 0.0 0.0 0.0 0.0
218.98449224612307 0.0 0.0 0.0 0.0
219.1095547773887 0.0 0.0 0.0 0.0
219.23461730865432 0.0 0.0 0.0 0.0
219.35967983991995 0.0 0.0 0.0 0.0
219.4847423711856 0.0 0.0 0.0 0.0
219.60980490245123 0.0 0.0 0.0 0.0
219.73486743371686 0.0 0.0 0.0 0.0
219.85992996498248 0.0 0.0 0.0 0.0
219.9849924962481 0.0 0.0 0.0 0.0
220.11005502751377 0.0 0.0 0.0 0.0
220.2351175587794 0.0 0.0 0.0 0.0
220.36018009004502 0.0 0.0 0.0 0.0
220.48524262131065 0.0 0.0 0.0 0.0
220.6103051525763 0.0 0.0 0.0 0.0
220.73536768384193 0.0 0.0 0.0 0.0
220.86043021510756 0.0 0.0 0.0 0.0
220.98549274637318 0.0 0.0 0.0 0.0
221.1105552776388 0.0 0.0 0.0 0.0
221.23561780890446 0.0 0.0 0.0 0.0
221.3606803401701 0.0 0.0 0.0 0.0
221.48574287143572 0.0 0.0 0.0 0.0
221.61080540270135 0.0 0.0 0.0 0.0
221.73586793396697 0.0 0.0 0.0 0.0
221.86093046523263 0.0 0.0 0.0 0.0
221.98599299649825 0.0 0.0 0.0 0.0
222.11105552776388 0.0 0.0 0.0 0.0
222.2361180590295 0.0 0.0 0.0 0.0
222.36118059029513 0.0 0.0 0.0 0.0
222.4862431215608 0.0 0.0 0.0 0.0
222.61130565282642 0.0 0.0 0.0 0.0
222.73636818409204 0.0 0.0 0.0 0.0
222.86143071535767 0.0 0.0 0.0 0.0
222.98649324662333 0.0 0.0 0.0 0.0
223.11155577788895 0.0 0.0 0.0 0.0
223.23661830915458 0.0 0.0 0.0 0.0
223.3616808404202 0.0 0.0 0.0 0.0
223.48674337168583 0.0 0.0 0.0 0.0
223.6118059029515 0.0 0.0 0.0 0.0
223.73686843421712 0.0 0.0 0.0 0.0
223.86193096548274 0.0 0.0 0.0 0.0
223.98699349674837 0.0 0.0 0.0 0.0
224.112056028014 0.0 0.0 0.0 0.0
224.23711855927965 0.0 0.0 0.0 0.0
224.36218109054528 0.0 0.0 0.0 0.0
224.4872436218109 0.0 0.0 0.0 0.0
224.61230615307653 0.0 0.0 0.0 0.0
224.73736868434216 0.0 0.0 0.0 0.0
224.8624312156078 0.0 0.0 0.0 0.0
224.98749374687344 0.0 0.0 0.0 0.0
225.11255627813907 0.0 0.0 0.0 0.0
225.2376188094047 0.0 0.0 0.0 0.0
225.36268134067035 0.0 0.0 0.0 0.0
225.48774387193598 0.0 0.0 0.0 0.0
225.6128064032016 0.0 0.0 0.0 0.0
225.73786893446723 0.0 0.0 0.0 0.0
225.86293146573286 0.0 0.0 0.0 0.0
225.9879939969985 0.0 0.0 0.0 0.0
226.11305652826414 0.0 0.0 0.0 0.0
226.23811905952977 0.0 0.0 0.0 0.0
226.3631815907954 0.0 0.0 0.0 0.0
226.48824412206102 0.0 0.0 0.0 0.0
226.61330665332667 0.0 0.0 0.0 0.0
226.7383691845923 0.0 0.0 0.0 0.0
226.86343171585793 0.0 0.0 0.0 0.0
226.98849424712355 0.0 0.0 0.0 0.0
227.11355677838918 0.0 0.0 0.0 0.0
227.23861930965484 0.0 0.0 0.0 0.0
227.36368184092046 0.0 0.0 0.0 0.0
227.4887443721861 0.0 0.0 0.0 0.0
227.61380690345172 0.0 0.0 0.0 0.0
227.73886943471737 0.0 0.0 0.0 0.0
227.863931965983 0.0 0.0 0.0 0.0
227.98899449724863 0.0 0.0 0.0 0.0
228.11405702851425 0.0 0.0 0.0 0.0
228.23911955977988 0.0 0.0 0.0 0.0
228.36418209104554 0.0 0.0 0.0 0.0
228.48924462231116 0.0 0.0 0.0 0.0
228.6143071535768 0.0 0.0 0.0 0.0
228.73936968484242 0.0 0.0 0.0 0.0
228.86443221610804 0.0 0.0 0.0 0.0
228.9894947473737 0.0 0.0 0.0 0.0
229.11455727863932 0.0 0.0 0.0 0.0
229.23961980990495 0.0 0.0 0.0 0.0
229.36468234117058 0.0 0.0 0.0 0.0
229.4897448724362 0.0 0.0 0.0 0.0
229.61480740370186 0.0 0.0 0.0 0.0
229.7398699349675 0.0 0.0 0.0 0.0
229.8649324662331 0.0 0.0 0.0 0.0
229.98999499749874 0.0 0.0 0.0 0.0
230.1150575287644 0.0 0.0 0.0 0.0
230.24012006003002 0.0 0.0 0.0 0.0
230.36518259129565 0.0 0.0 0.0 0.0
230.49024512256128 0.0 0.0 0.0 0.0
230.6153076538269 0.0 0.0 0.0 0.0
230.74037018509256 0.0 0.0 0.0 0.0
230.86543271635819 0.0 0.0 0.0 0.0
230.9904952476238 0.0 0.0 0.0 0.0
231.11555777888944 0.0 0.0 0.0 0.0
231.24062031015507 0.0 0.0 0.0 0.0
231.36568284142072 0.0 0.0 0.0 0.0
231.49074537268635 0.0 0.0 0.0 0.0
231.61580790395197 0.0 0.0 0.0 0.0
231.7408704352176 0.0 0.0 0.0 0.0
231.86593296648323 0.0 0.0 0.0 0.0
231.99099549774888 0.0 0.0 0.0 0.0
232.1160580290145 0.0 0.0 0.0 0.0
232.24112056028014 0.0 0.0 0.0 0.0
232.36618309154576 0.0 0.0 0.0 0.0
232.49124562281142 0.0 0.0 0.0 0.0
232.61630815407705 0.0 0.0 0.0 0.0
232.74137068534267 0.0 0.0 0.0 0.0
232.8664332166083 0.0 0.0 0.0 0.0
232.99149574787393 0.0 0.0 0.0 0.0
233.11655827913958 0.0 0.0 0.0 0.0
233.2416208104052 0.0 0.0 0.0 0.0
233.36668334167084 0.0 0.0 0.0 0.0
233.49174587293646 0.0 0.0 0.0 0.0
233.6168084042021 0.0 0.0 0.0 0.0
233.74187093546774 0.0 0.0 0.0 0.0
233.86693346673337 0.0 0.0 0.0 0.0
233.991995997999 0.0 0.0 0.0 0.0
234.11705852926463 0.0 0.0 0.0 0.0
234.24212106053025 0.0 0.0 0.0 0.0
234.3671835917959 0.0 0.0 0.0 0.0
234.49224612306153 0.0 0.0 0.0 0.0
234.61730865432716 0.0 0.0 0.0 0.0
234.7423711855928 0.0 0.0 0.0 0.0
234.86743371685844 0.0 0.0 0.0 0.0
234.99249624812407 0.0 0.0 0.0 0.0
235.1175587793897 0.0 0.0 0.0 0.0
235.24262131065532 0.0 0.0 0.0 0.0
235.36768384192095 0.0 0.0 0.0 0.0
235.4927463731866 0.0 0.0 0.0 0.0
235.61780890445223 0.0 0.0 0.0 0.0
235.74287143571786 0.0 0.0 0.0 0.0
235.8679339669835 0.0 0.0 0.0 0.0
235.9929964982491 0.0 0.0 0.0 0.0
236.11805902951477 0.0 0.0 0.0 0.0
236.2431215607804 0.0 0.0 0.0 0.0
236.36818409204602 0.0 0.0 0.0 0.0
236.49324662331165 0.0 0.0 0.0 0.0
236.61830915457728 0.0 0.0 0.0 0.0
236.74337168584293 0.0 0.0 0.0 0.0
236.86843421710856 0.0 0.0 0.0 0.0
236.99349674837418 0.0 0.0 0.0 0.0
237.1185592796398 0.0 0.0 0.0 0.0
237.24362181090547 0.0 0.0 0.0 0.0
237.3686843421711 0.0 0.0 0.0 0.0
237.49374687343672 0.0 0.0 0.0 0.0
237.61880940470235 0.0 0.0 0.0 0.0
237.74387193596797 0.0 0.0 0.0 0.0
237.86893446723363 0.0 0.0 0.0 0.0
237.99399699849926 0.0 0.0 0.0 0.0
238.11905952976488 0.0 0.0 0.0 0.0
238.2441220610305 0.0 0.0 0.0 0.0
238.36918459229614 0.0 0.0 0.0 0.0
238.4942471235618 0.0 0.0 0.0 0.0
238.61930965482742 0.0 0.0 0.0 0.0
238.74437218609305 0.0 0.0 0.0 0.0
238.86943471735867 0.0 0.0 0.0 0.0
238.9944972486243 0.0 0.0 0.0 0.0
239.11955977988995 0.0 0.0 0.0 0.0
239.24462231115558 0.0 0.0 0.0 0.0
239.3696848424212 0.0 0.0 0.0 0.0
239.49474737368683 0.0 0.0 0.0 0.0
239.6198099049525 0.0 0.0 0.0 0.0
239.74487243621812 0.0 0.0 0.0 0.0
239.86993496748374 0.0 0.0 0.0 0.0
239.99499749874937 0.0 0.0 0.0 0.0
240.120060030015 0.0 0.0 0.0 0.0
240.24512256128065 0.0 0.0 0.0 0.0
240.37018509254628 0.0 0.0 0.0 0.0
240.4952476238119 0.0 0.0 0.0 0.0
240.62031015507753 0.0 0.0 0.0 0.0
240.74537268634316 0.0 0.0 0.0 0.0
240.87043521760882 0.0 0.0 0.0 0.0
240.99549774887444 0.0 0.0 0.0 0.0
241.12056028014007 0.0 0.0 0.0 0.0
241.2456228114057 0.0 0.0 0.0 0.0
241.37068534267132 0.0 0.0 0.0 0.0
241.49574787393698 0.0 0.0 0.0 0.0
241.6208104052026 0.0 0.0 0.0 0.0
241.74587293646823 0.0 0.0 0.0 0.0
241.87093546773386 0.0 0.0 0.0 0.0
241.9959979989995 0.0 0.0 0.0 0.0
242.12106053026514 0.0 0.0 0.0 0.0
242.24612306153077 0.0 0.0 0.0 0.0
242.3711855927964 0.0 0.0 0.0 0.0
242.49624812406202 0.0 0.0 0.0 0.0
242.62131065532768 0.0 0.0 0.0 0.0
242.7463731865933 0.0 0.0 0.0 0.0
242.87143571785893 0.0 0.0 0.0 0.0
242.99649824912456 0.0 0.0 0.0 0.0
243.12156078039018 0.0 0.0 0.0 0.0
243.24662331165584 0.0 0.0 0.0 0.0
243.37168584292147 0.0 0.0 0.0 0.0
243.4967483741871 0.0 0.0 0.0 0.0
243.62181090545272 0.0 0.0 0.0 0.0
243.74687343671835 0.0 0.0 0.0 0.0
243.871935967984 0.0 0.0 0.0 0.0
243.99699849924963 0.0 0.0 0.0 0.0
244.12206103051525 0.0 0.0 0.0 0.0
244.24712356178088 0.0 0.0 0.0 0.0
244.37218609304654 0.0 0.0 0.0 0.0
244.49724862431216 0.0 0.0 0.0 0.0
244.6223111555778 0.0 0.0 0.0 0.0
244.74737368684342 0.0 0.0 0.0 0.0
244.87243621810904 0.0 0.0 0.0 0.0
244.9974987493747 0.0 0.0 0.0 0.0
245.12256128064033 0.0 0.0 0.0 0.0
245.24762381190595 0.0 0.0 0.0 0.0
245.37268634317158 0.0 0.0 0.0 0.0
245.4977488744372 0.0 0.0 0.0 0.0
245.62281140570286 0.0 0.0 0.0 0.0
245.7478739369685 0.0 0.0 0.0 0.0
245.87293646823412 0.0 0.0 0.0 0.0
245.99799899949974 0.0 0.0 0.0 0.0
246.12306153076537 0.0 0.0 0.0 0.0
246.24812406203102 0.0 0.0 0.0 0.0
246.37318659329665 0.0 0.0 0.0 0.0
246.49824912456228 0.0 0.0 0.0 0.0
246.6233116558279 0.0 0.0 0.0 0.0
246.74837418709356 0.0 0.0 0.0 0.0
246.8734367183592 0.0 0.0 0.0 0.0
246.9984992496248 0.0 0.0 0.0 0.0
247.12356178089044 0.0 0.0 0.0 0.0
247.24862431215607 0.0 0.0 0.0 0.0
247.37368684342172 0.0 0.0 0.0 0.0
247.49874937468735 0.0 0.0 0.0 0.0
247.62381190595298 0.0 0.0 0.0 0.0
247.7488744372186 0.0 0.0 0.0 0.0
247.87393696848423 0.0 0.0 0.0 0.0
247.99899949974989 0.0 0.0 0.0 0.0
248.1240620310155 0.0 0.0 0.0 0.0
248.24912456228114 0.0 0.0 0.0 0.0
248.37418709354677 0.0 0.0 0.0 0.0
248.4992496248124 0.0 0.0 0.0 0.0
248.62431215607805 0.0 0.0 0.0 0.0
248.74937468734367 0.0 0.0 0.0 0.0
248.8744372186093 0.0 0.0 0.0 0.0
248.99949974987493 0.0 0.0 0.0 0.0
249.12456228114058 0.0 0.0 0.0 0.0
249.2496248124062 0.0 0.0 0.0 0.0
249.37468734367184 0.0 0.0 0.0 0.0
249.49974987493746 0.0 0.0 0.0 0.0
249.6248124062031 0.0 0.0 0.0 0.0
249.74987493746875 0.0 0.0 0.0 0.0
249.87493746873437 0.0 0.0 0.0 0.0
250.0 0.0 0.0 0.0 0.0
