10393 Lindenberg Observations at 00Z 22 Jun 2017
-----------------------------------------------------------------------------
   PRES   HGHT   TEMP   DWPT   RELH   MIXR   DRCT   SKNT   THTA   THTE   THTV
    hPa     m      C      C      %    g/kg    deg   knot     K      K      K 
-----------------------------------------------------------------------------
 1003.0    112   16.0    9.0     63   7.23     60      4  288.9  309.6  290.2
 1000.0    135   16.4    9.4     63   7.45     60      4  289.6  310.9  290.9
  994.0    186   17.2    9.2     59   7.40     65      6  290.9  312.1  292.1
  982.0    289   16.8    8.4     58   7.10     75     10  291.4  311.9  292.7
  926.0    788   14.6    4.7     51   5.80    280     10  294.2  311.3  295.2
  925.0    797   14.6    4.6     51   5.78    280     10  294.2  311.3  295.3
  916.0    880   14.0    4.0     51   5.59    279     12  294.4  311.0  295.4
  899.0   1038   13.4   -3.6     31   3.27    277     16  295.4  305.4  296.0
  889.0   1132   12.8    3.8     54   5.68    276     18  295.7  312.6  296.7
  883.0   1189   12.6    0.1     42   4.37    275     19  296.1  309.3  296.9
  869.0   1324   12.2   -8.8     22   2.27    285     19  297.0  304.2  297.4
  850.0   1509   12.0   -3.0     35   3.62    300     19  298.7  309.9  299.4
  844.0   1568   11.7   -3.3     35   3.57    300     19  299.0  310.0  299.7
  800.0   2014    9.6   -5.4     34   3.21    293     22  301.4  311.4  301.9
  774.0   2288    9.2  -35.8      3   0.23    289     24  303.8  304.6  303.8
  773.0   2298    9.2  -34.8      3   0.26    289     24  303.9  304.9  303.9
  760.0   2439    8.2   -8.8     29   2.60    287     25  304.3  312.6  304.8
  751.0   2536    7.4   -8.5     31   2.70    285     25  304.5  313.1  305.0
  728.0   2792    5.4   -7.6     39   2.98    296     25  305.0  314.5  305.6
  721.0   2870    4.9   -8.6     37   2.78    300     25  305.2  314.1  305.8
  700.0   3111    3.2  -11.8     32   2.22    295     27  306.0  313.2  306.4
  682.0   3322    1.8  -12.2     35   2.21    294     30  306.7  313.9  307.1
  658.0   3609   -0.3   -3.7     78   4.44    293     34  307.5  321.5  308.3
  614.0   4159   -4.1  -13.1     50   2.28    290     42  309.3  316.8  309.7
  612.0   4185   -4.2  -12.1     54   2.47    290     43  309.5  317.6  309.9
  601.0   4328   -4.7   -6.8     85   3.84    291     43  310.5  322.8  311.2
  529.0   5319  -12.3  -12.3    100   2.83    297     46  312.9  322.2  313.4
  526.0   5362  -11.3  -13.6     83   2.56    297     46  314.6  323.1  315.1
  500.0   5750  -13.5  -15.8     83   2.24    300     47  316.5  324.1  316.9
  454.0   6477  -18.7  -19.6     93   1.79    298     51  318.9  325.0  319.2
  436.0   6778  -20.3  -23.5     76   1.33    297     53  320.5  325.2  320.8
  400.0   7410  -25.5  -27.4     84   1.02    295     56  321.8  325.4  322.0
  396.0   7483  -26.1  -27.6     87   1.01    295     56  321.9  325.5  322.1
  356.0   8241  -32.1  -36.2     67   0.49    300     58  323.8  325.6  323.9
  316.0   9067  -39.5  -41.4     82   0.32    305     60  324.7  326.0  324.8
  314.0   9110  -39.8  -42.0     79   0.31    305     60  324.9  326.1  325.0
  300.0   9420  -41.9  -46.3     62   0.20    305     58  326.2  327.0  326.2
  275.0  10004  -46.5  -52.5     50   0.11    305     55  327.8  328.2  327.8
  262.0  10322  -49.4  -54.5     55   0.09    305     52  328.1  328.5  328.2
  250.0  10630  -52.1  -56.4     60   0.07    310     62  328.5  328.8  328.5
  240.0  10893  -54.3  -58.7     58   0.06    311     65  329.0  329.3  329.0
  213.0  11648  -59.7  -63.0     65   0.04    314     71  332.0  332.2  332.1
  210.0  11737  -60.1  -61.2     87   0.05    314     72  332.8  333.0  332.8
  207.0  11826  -60.3  -65.3     52   0.03    315     73  333.8  333.9  333.8
  206.0  11857  -60.5  -67.5     39   0.02    315     73  334.0  334.1  334.0
  204.0  11917  -61.0  -66.2     50   0.03    315     74  334.1  334.2  334.1
  203.0  11948  -61.3  -65.6     57   0.03    315     73  334.1  334.2  334.1
  200.0  12040  -61.5  -66.5     51   0.02    315     70  335.2  335.3  335.2
  190.0  12361  -58.1  -84.1      2   0.00    313     65  345.6  345.6  345.6
  179.0  12739  -55.1  -83.1      2   0.00    311     60  356.5  356.5  356.5
  162.0  13377  -54.3  -82.3      2   0.00    307     51  368.1  368.1  368.1
  154.0  13701  -54.6  -85.2      1   0.00    305     47  373.0  373.1  373.1
  150.0  13870  -54.7  -86.7      1   0.00    310     45  375.6  375.6  375.6
  143.0  14175  -54.7  -87.2      1   0.00    320     39  380.8  380.8  380.8
  137.0  14449  -54.7  -87.5      1   0.00    305     31  385.6  385.6  385.6
  127.0  14933  -54.6  -88.3      1   0.00    305     41  394.1  394.1  394.1
  104.0  16209  -54.5  -90.1      1   0.00    325     33  417.4  417.4  417.4
  100.0  16460  -54.5  -90.5      0   0.00    310     31  422.1  422.1  422.1
   94.0  16856  -54.6  -90.6      0   0.00    335     27  429.5  429.5  429.5
   88.0  17277  -54.7  -90.7      0   0.00    310     21  437.4  437.4  437.4
   83.0  17651  -54.8  -90.8      0   0.00    315     16  444.6  444.6  444.6
   82.0  17729  -54.8  -90.8      0   0.00    300     14  446.1  446.1  446.1
   81.0  17807  -54.9  -90.8      0   0.00    290     16  447.6  447.6  447.6
   78.0  18048  -54.9  -90.9      0   0.00    320     23  452.3  452.4  452.3
   74.0  18385  -55.0  -91.0      0   0.00    350     12  459.0  459.0  459.0
   73.0  18472  -55.0  -91.0      0   0.00    350     10  460.8  460.8  460.8
   72.0  18560  -55.0  -91.0      0   0.00    295      4  462.5  462.5  462.5
   70.0  18740  -55.1  -91.1      0   0.00    250     10  466.1  466.2  466.1
   66.2  19097  -56.1  -92.1      0   0.00    274     21  471.5  471.5  471.5
   66.0  19116  -56.1  -92.1      0   0.00    275     21  471.9  472.0  471.9
   65.0  19214  -55.9  -92.0      0   0.00    295     23  474.4  474.4  474.4
   62.0  19518  -55.4  -91.6      0   0.00    355     12  481.9  481.9  481.9
   61.0  19623  -55.2  -91.5      0   0.00      0      0  484.6  484.6  484.6
   59.0  19837  -54.9  -91.3      0   0.00    270     10  490.0  490.0  490.0
   57.0  20058  -54.5  -91.0      0   0.00    315     16  495.7  495.7  495.7
   56.0  20172  -54.3  -90.9      0   0.00    325     16  498.6  498.6  498.6
   54.0  20406  -53.9  -90.7      0   0.00    330     12  504.7  504.8  504.7
   50.0  20900  -53.1  -90.1      0   0.00     30      6  517.9  517.9  517.9
   48.0  21164  -53.0  -90.0      0   0.00      0      0  524.3  524.3  524.3
   44.0  21726  -52.6  -89.7      0   0.00    325     10  538.3  538.3  538.3
   42.0  22026  -52.5  -89.5      0   0.00     20     17  545.9  545.9  545.9
   41.0  22182  -52.4  -89.4      0   0.00     45      8  549.9  549.9  549.9
   39.0  22505  -52.2  -89.2      0   0.00     55     14  558.2  558.2  558.2
   38.0  22673  -52.1  -89.1      0   0.00     55     10  562.6  562.6  562.6
   36.0  23022  -51.9  -88.9      0   0.00     60     12  571.9  571.9  571.9
   35.0  23204  -51.8  -88.8      0   0.00     70     12  576.7  576.8  576.7
   34.0  23391  -51.7  -88.7      0   0.00     50     14  581.8  581.8  581.8
   33.0  23584  -51.6  -88.6      0   0.00     95     12  587.1  587.1  587.1
   32.0  23783  -51.5  -88.5      0   0.00     95     12  592.5  592.6  592.5
   31.0  23988  -51.4  -88.4      0   0.01     50     17  598.2  598.3  598.2
   30.0  24200  -51.3  -88.3      0   0.01    100     17  604.2  604.2  604.2
   29.0  24423  -50.9  -88.0      0   0.01    120     12  611.2  611.3  611.2
   26.0  25142  -49.5  -87.2      0   0.01     60     10  634.4  634.5  634.4
   25.0  25401  -49.0  -87.0      0   0.01     85     17  642.9  643.0  642.9
   24.0  25669  -48.5  -86.7      0   0.01     70     14  651.9  652.0  652.0
   23.0  25950  -48.0  -86.3      0   0.01     90     16  661.5  661.6  661.5
   22.0  26242  -47.5  -86.0      0   0.01    100     16  671.5  671.7  671.5
   21.0  26549  -46.9  -85.7      0   0.01     80     16  682.3  682.4  682.3
   20.0  26870  -46.3  -85.3      0   0.01    105     14  693.7  693.8  693.7
   18.0  27571  -46.0  -85.0      0   0.02    100     14  715.8  716.0  715.8
   17.4  27796  -45.9  -84.9      0   0.02     86     13  723.1  723.3  723.1
   16.6  28109  -46.5  -85.5      0   0.02     66     12  731.0  731.1  731.0
   16.0  28359  -45.6  -84.9      0   0.02     50     12  741.5  741.8  741.6
   15.0  28797  -44.1  -83.8      0   0.02     70     14  760.5  760.7  760.5
   14.0  29264  -42.4  -82.7      0   0.03     35     10  781.2  781.5  781.2
   13.0  29767  -40.7  -81.5      0   0.04     75     16  804.0  804.5  804.0
   12.0  30310  -38.8  -80.1      0   0.05     85     14  829.3  830.0  829.4
   11.0  30900  -36.7  -78.7      1   0.07     80     29  857.7  858.7  857.8
   10.0  31560  -36.9  -78.9      0   0.08     90     16  880.6  881.7  880.7
    9.3  32062  -37.1  -79.1      0   0.08     87     25  898.3  899.5  898.4
    9.0  32290  -36.6  -78.9      0   0.09     85     29  908.6  909.8  908.6
    8.0  33110  -35.0  -78.2      0   0.11     50      8  946.2  947.8  946.3
    7.2  33844  -33.5  -77.5      0   0.14     54     19  981.2  983.2  981.3
    7.0  34045  -32.6  -76.9      0   0.16     55     21  992.7  994.9  992.8
    6.0  35149  -28.0  -73.7      0   0.30     65     19 1057.4 1061.9 1057.6
    5.2  36174  -23.7  -70.7      0   0.53     73     39 1120.9 1129.3 1121.2
    5.0                                        75     45                     
Station information and sounding indices
                             Station number: 10393
                           Observation time: 170622/0000
                           Station latitude: 52.21
                          Station longitude: 14.12
                          Station elevation: 112.0
                            Showalter index: 8.95
                               Lifted index: 7.86
    LIFT computed using virtual temperature: 8.00
                                SWEAT index: 85.47
                                    K index: 7.50
                         Cross totals index: 10.50
                      Vertical totals index: 25.50
                        Totals totals index: 36.00
      Convective Available Potential Energy: 0.00
             CAPE using virtual temperature: 0.00
                      Convective Inhibition: 0.00
             CINS using virtual temperature: 0.00
                     Bulk Richardson Number: 0.00
          Bulk Richardson Number using CAPV: 0.00
  Temp [K] of the Lifted Condensation Level: 279.15
Pres [hPa] of the Lifted Condensation Level: 857.66
     Mean mixed layer potential temperature: 291.69
              Mean mixed layer mixing ratio: 6.90
              1000 hPa to 500 hPa thickness: 5615.00
Precipitable water [mm] for entire sounding: 21.07

