10393 Lindenberg Observations at 00Z 22 Dec 2017
-----------------------------------------------------------------------------
   PRES   HGHT   TEMP   DWPT   RELH   MIXR   DRCT   SKNT   THTA   THTE   THTV
    hPa     m      C      C      %    g/kg    deg   knot     K      K      K 
-----------------------------------------------------------------------------
 1016.0    112    4.0    2.8     92   4.63    290     12  275.9  288.6  276.7
 1000.0    244    2.8    2.7     99   4.67    285     16  275.9  288.8  276.7
  982.0    391    1.8    1.8    100   4.44    285     19  276.4  288.7  277.1
  964.0    541    0.8    0.8    100   4.22    294     21  276.8  288.6  277.5
  959.0    583    3.0    0.7     85   4.22    297     21  279.5  291.3  280.2
  925.0    876    2.4   -1.3     77   3.78    315     23  281.8  292.5  282.4
  913.0    981    2.3   -3.4     66   3.28    320     31  282.7  292.2  283.3
  899.0   1106    2.2   -5.8     55   2.77    320     25  283.9  292.0  284.3
  890.0   1186    1.6   -5.0     61   2.97    320     21  284.0  292.7  284.6
  870.0   1368    0.2   -3.3     77   3.46    310     29  284.4  294.5  285.0
  853.0   1526   -0.2  -10.1     47   2.09    330     29  285.6  291.9  286.0
  850.0   1554   -0.3  -11.3     43   1.91    330     31  285.8  291.6  286.1
  837.0   1677   -1.1  -16.1     31   1.31    322     31  286.2  290.3  286.5
  818.0   1859   -2.5  -15.6     36   1.39    310     31  286.6  290.9  286.8
  798.0   2056   -4.1  -15.1     42   1.49    322     30  287.0  291.6  287.2
  768.0   2357   -6.6  -10.5     74   2.25    340     29  287.4  294.2  287.8
  758.0   2459   -7.5   -8.9     90   2.59    334     29  287.5  295.2  288.0
  735.0   2698   -9.2  -10.0     93   2.44    320     29  288.2  295.6  288.7
  712.0   2944  -10.9  -11.2     98   2.29    320     35  289.0  295.9  289.4
  705.0   3020  -11.4  -12.0     95   2.18    320     37  289.3  295.9  289.7
  700.0   3075  -11.7  -12.5     94   2.10    325     35  289.5  295.9  289.9
  687.0   3218  -12.5  -14.3     86   1.85    325     34  290.2  295.9  290.5
  677.0   3330  -12.1  -31.1     19   0.42    325     34  291.8  293.3  291.9
  667.0   3443  -11.9  -23.9     36   0.84    325     33  293.3  296.0  293.4
  623.0   3961  -15.0  -29.8     27   0.52    325     31  295.6  297.3  295.7
  621.0   3985  -15.1  -30.1     27   0.51    326     32  295.7  297.4  295.8
  601.0   4233  -14.3  -42.3      7   0.15    332     36  299.4  299.9  299.4
  579.0   4512  -16.0  -42.0      9   0.16    340     41  300.6  301.2  300.7
  538.0   5061  -19.2  -41.5     12   0.19    335     58  303.1  303.8  303.1
  535.0   5103  -19.5  -41.5     12   0.19    335     58  303.3  304.0  303.3
  500.0   5600  -24.1  -38.1     26   0.29    335     52  303.6  304.6  303.6
  494.0   5688  -24.9  -38.1     28   0.29    335     51  303.7  304.7  303.7
  469.0   6064  -28.3  -38.3     38   0.30    337     61  304.0  305.1  304.0
  442.0   6488  -31.3  -40.3     41   0.26    340     72  305.4  306.3  305.4
  439.0   6536  -31.5  -42.1     34   0.21    340     74  305.7  306.5  305.8
  433.0   6634  -31.9  -45.9     24   0.15    341     74  306.4  307.0  306.4
  400.0   7190  -36.7  -46.7     35   0.14    345     72  307.2  307.8  307.2
  391.0   7346  -37.9  -48.6     32   0.12    350     70  307.6  308.1  307.7
  375.0   7633  -40.1  -52.1     27   0.08    348     74  308.4  308.8  308.4
  320.0   8685  -49.2  -55.5     47   0.06    340     87  310.2  310.4  310.2
  305.0   9003  -51.9  -56.6     57   0.06    344     85  310.6  310.9  310.6
  300.0   9110  -52.9  -58.9     48   0.05    345     84  310.7  310.9  310.7
  280.0   9551  -56.7  -62.7     47   0.03    343     82  311.4  311.5  311.4
  250.0  10260  -61.7  -70.7     29   0.01    340     80  314.2  314.3  314.2
  247.0  10335  -62.3  -71.9     27   0.01    340     80  314.4  314.4  314.4
  245.0  10385  -62.7  -72.7     25   0.01    342     77  314.5  314.6  314.5
  238.0  10564  -60.7  -73.7     17   0.01    348     66  320.2  320.2  320.2
  231.0  10747  -61.9  -74.1     18   0.01    355     54  321.1  321.2  321.1
  221.0  11019  -63.6  -74.8     20   0.01    350     51  322.6  322.6  322.6
  206.0  11450  -66.3  -75.8     25   0.01    325     54  324.8  324.8  324.8
  202.0  11570  -67.1  -76.1     27   0.01    325     60  325.4  325.4  325.4
  200.0  11630  -66.9  -75.9     27   0.01    330     64  326.7  326.7  326.7
  199.0  11661  -66.5  -76.4     24   0.01    330     64  327.7  327.7  327.7
  185.0  12108  -61.3  -83.3      4   0.00    339     50  343.1  343.1  343.1
  184.0  12142  -61.2  -83.3      4   0.00    340     49  343.7  343.7  343.7
  175.0  12455  -60.6  -83.6      3   0.00    330     37  349.6  349.6  349.6
  171.0  12599  -60.4  -83.7      3   0.00    310     41  352.4  352.4  352.4
  164.0  12859  -59.9  -83.9      3   0.00    314     54  357.4  357.5  357.4
  162.0  12936  -59.6  -84.0      3   0.00    315     58  359.2  359.2  359.2
  157.0  13133  -58.9  -84.4      2   0.00    335     49  363.6  363.6  363.6
  152.0  13337  -58.2  -84.8      2   0.00    330     41  368.2  368.2  368.2
  150.0  13420  -57.9  -84.9      2   0.00    325     41  370.1  370.1  370.1
  149.0  13462  -57.7  -85.7      2   0.00    324     40  371.2  371.2  371.2
  136.0  14035  -60.8  -86.2      2   0.00    315     35  375.5  375.5  375.5
  134.0  14127  -61.3  -86.3      2   0.00    319     34  376.2  376.2  376.2
  129.0  14363  -61.5  -86.5      2   0.00    330     33  379.9  379.9  379.9
  124.0  14608  -61.7  -86.7      2   0.00    315     29  383.9  383.9  383.9
  119.0  14863  -62.0  -87.0      2   0.00    330     27  388.0  388.0  388.0
  117.0  14968  -62.0  -87.0      2   0.00    320     25  389.7  389.7  389.7
  111.0  15294  -62.3  -87.3      2   0.00    310     37  395.1  395.1  395.1
  100.0  15940  -62.9  -87.9      2   0.00    320     33  405.9  405.9  405.9
   94.0  16319  -63.3  -88.1      2   0.00    325     33  412.4  412.4  412.4
   91.0  16517  -63.5  -88.2      2   0.00    310     37  415.8  415.8  415.8
   87.0  16792  -63.8  -88.4      2   0.00    320     43  420.6  420.6  420.6
   83.0  17080  -64.1  -88.5      2   0.00    310     35  425.6  425.6  425.6
   78.0  17461  -64.5  -88.7      2   0.00    320     33  432.4  432.4  432.4
   75.0  17701  -64.8  -88.8      2   0.00    305     27  436.8  436.8  436.8
   74.0  17783  -64.9  -88.9      2   0.00    295     29  438.2  438.3  438.2
   73.7  17808  -64.9  -88.9      2   0.00    295     30  438.7  438.7  438.7
   70.0  18120  -66.9  -89.9      3   0.00    300     37  440.9  440.9  440.9
   63.9  18668  -68.9  -89.9      3   0.00    300     35  448.2  448.2  448.2
   60.0  19046  -67.2  -89.9      3   0.00    300     49  460.1  460.1  460.1
   59.3  19117  -66.9  -89.9      3   0.00    302     45  462.3  462.3  462.3
   56.0  19460  -67.8  -90.4      3   0.00    310     29  468.0  468.0  468.0
   50.0  20140  -69.5  -91.5      3   0.00    295     27  479.3  479.3  479.3
   42.0  21164  -72.6  -92.7      4   0.00    310     51  496.0  496.1  496.0
   39.0  21599  -74.0  -93.2      4   0.00    305     37  503.3  503.3  503.3
   37.0  21909  -74.9  -93.5      4   0.00    290     35  508.5  508.5  508.5
   36.0  22070  -75.4  -93.7      4   0.00    275     39  511.2  511.2  511.2
   35.0  22235  -75.9  -93.9      5   0.00    281     42  514.0  514.0  514.0
   32.0  22755  -74.8  -93.4      4   0.00    300     52  530.2  530.2  530.2
   30.0  23130  -74.1  -93.1      4   0.00    290     58  542.1  542.1  542.1
   29.0  23328  -73.5  -93.0      4   0.00    290     60  548.9  548.9  548.9
   28.0  23533  -73.0  -92.9      4   0.00    280     58  556.0  556.1  556.0
   27.9  23554  -72.9  -92.9      4   0.00    280     58  556.8  556.8  556.8
   25.0  24190  -74.8  -93.6      4   0.00    295     52  569.2  569.2  569.2
   23.0  24673  -76.2  -94.1      5   0.00    265     60  578.8  578.8  578.8
   21.0  25200  -77.7  -94.7      5   0.00    275     60  589.4  589.4  589.4
   20.0  25480  -76.9  -94.9      4   0.00    280     60  600.1  600.1  600.1
   15.3  27024  -75.7  -95.4      3   0.00    275     76  652.0  652.0  652.0
   15.0  27138  -75.6  -95.5      3   0.00    275     76  656.0  656.0  656.0
   14.8  27216  -75.5  -95.5      3   0.00                658.7  658.7  658.7
Station information and sounding indices
                             Station number: 10393
                           Observation time: 171222/0000
                           Station latitude: 52.21
                          Station longitude: 14.12
                          Station elevation: 112.0
                            Showalter index: 10.94
                               Lifted index: 12.93
    LIFT computed using virtual temperature: 12.93
                                SWEAT index: 114.61
                                    K index: 11.70
                         Cross totals index: 12.80
                      Vertical totals index: 23.80
                        Totals totals index: 36.60
      Convective Available Potential Energy: 0.00
             CAPE using virtual temperature: 0.00
                      Convective Inhibition: 0.00
             CINS using virtual temperature: 0.00
                           Equilibrum Level: 963.61
 Equilibrum Level using virtual temperature: 963.51
                   Level of Free Convection: 979.22
             LFCT using virtual temperature: 979.22
                     Bulk Richardson Number: 0.00
          Bulk Richardson Number using CAPV: 0.00
  Temp [K] of the Lifted Condensation Level: 274.93
Pres [hPa] of the Lifted Condensation Level: 979.22
     Mean mixed layer potential temperature: 276.59
              Mean mixed layer mixing ratio: 4.47
              1000 hPa to 500 hPa thickness: 5356.00
Precipitable water [mm] for entire sounding: 10.68

