0 0.5738019522458107 0.9757675546603813 
1 0.9757675546603813 0.0943444833905994 
2 0.0943444833905994 0.3409199713589977 
3 0.3409199713589977 0.8965272425054359 
4 0.8965272425054359 0.3701369223446305 
5 0.3701369223446305 0.9302109684368833 
6 0.9302109684368833 0.2590249053200299 
7 0.2590249053200299 0.7658047049384781 
8 0.7658047049384781 0.7155979567419488 
9 0.7155979567419488 0.8120349089843002 
10 0.8120349089843002 0.6090105201448864 
11 0.6090105201448864 0.9500856589259878 
12 0.9500856589259878 0.1892173695203458 
13 0.1892173695203458 0.6121224848026653 
14 0.6121224848026653 0.9473399081226876 
15 0.9473399081226876 0.1990491563371337 
16 0.1990491563371337 0.6361200728974499 
17 0.6361200728974499 0.9235705897600278 
18 0.9235705897600278 0.2816459424064655 
19 0.2816459424064655 0.8072628070744333 
20 0.8072628070744333 0.620802373881071 
21 0.620802373881071 0.939273077994145 
22 0.939273077994145 0.2275862601687039 
23 0.2275862601687039 0.7014051098609965 
24 0.7014051098609965 0.835649567070301 
25 0.835649567070301 0.5479840788208228 
26 0.5479840788208228 0.9883131374370712 
27 0.9883131374370712 0.04608561642739255 
28 0.04608561642739255 0.1754073122197402 
29 0.1754073122197402 0.5771119522879514 
30 0.5771119522879514 0.9737744497892195 
31 0.9737744497892195 0.1018957052004203 
32 0.1018957052004203 0.3651367521438961 
33 0.3651367521438961 0.9249294984670353 
34 0.9249294984670353 0.2770453361168898 
35 0.2770453361168898 0.7991619592325497 
36 0.7991619592325497 0.6404034673710876 
37 0.6404034673710876 0.9188445967372021 
38 0.9188445967372021 0.2975311230983618 
39 0.2975311230983618 0.8339353520058953 
40 0.8339353520058953 0.5525638509159883 
41 0.5525638509159883 0.9864757958917583 
42 0.9864757958917583 0.0532317870458066 
43 0.0532317870458066 0.2010886739359289 
44 0.2010886739359289 0.641001556410968 
45 0.641001556410968 0.9181730587478417 
46 0.9181730587478417 0.2997738588205217 
47 0.2997738588205217 0.8375388746296188 
48 0.8375388746296188 0.5429093573739441 
49 0.5429093573739441 0.9901535603285231 
50 0.9901535603285231 0.03890045431611879 
51 0.03890045431611879 0.1491749637907722 
52 0.1491749637907722 0.5064179579354882 
53 0.5064179579354882 0.9973356511655939 
54 0.9973356511655939 0.010602427817982 
55 0.010602427817982 0.04185516520596247 
56 0.04185516520596247 0.1600122083026608 
57 0.1600122083026608 0.5362891229720991 
58 0.5362891229720991 0.9922455672201244 
59 0.9922455672201244 0.03070026319303075 
60 0.03070026319303075 0.1187334505613085 
61 0.1187334505613085 0.4174969149336641 
62 0.4174969149336641 0.9703410314086026 
63 0.9703410314086026 0.1148294635522326 
64 0.1148294635522326 0.405558194831631 
65 0.405558194831631 0.9619121742917941 
66 0.9619121742917941 0.1461822015316987 
67 0.1461822015316987 0.4980037322933076 
68 0.4980037322933076 0.9974840995118206 
69 0.9974840995118206 0.01001318722432279 
70 0.01001318722432279 0.03955256399067446 
71 0.03955256399067446 0.1515727531030279 
72 0.1515727531030279 0.5131078299429879 
73 0.5131078299429879 0.9968144573288011 
74 0.9968144573288011 0.01266982600646444 
75 0.01266982600646444 0.04991211304656711 
76 0.04991211304656711 0.1892093671309973 
77 0.1892093671309973 0.6121026382583304 
78 0.6121026382583304 0.9473576639971325 
79 0.9473576639971325 0.1989857706474845 
80 0.1989857706474845 0.6359678305719718 
81 0.6359678305719718 0.9237358687077108 
82 0.9237358687077108 0.2810871751463813 
83 0.2810871751463813 0.8062879287072896 
84 0.8062879287072896 0.6231889418655112 
85 0.6231889418655112 0.9369496935622024 
86 0.9369496935622024 0.2357091115306308 
87 0.2357091115306308 0.7187998018255652 
88 0.7187998018255652 0.8064853204171626 
89 0.8064853204171626 0.6227063259914689 
90 0.6227063259914689 0.9374231986710847 
91 0.9374231986710847 0.2340571716047835 
92 0.2340571716047835 0.7153049039803583 
93 0.7153049039803583 0.8125387553048147 
94 0.8125387553048147 0.6077549104657436 
95 0.6077549104657436 0.9511716282893732 
96 0.9511716282893732 0.1853122056885955 
97 0.1853122056885955 0.6023766525245786 
98 0.6023766525245786 0.9556808938612681 
99 0.9556808938612681 0.168996142649485 
100 0.168996142649485 0.5603414212121288 
101 0.5603414212121288 0.9829720624155408 
102 0.9829720624155408 0.06678456783505504 
103 0.06678456783505504 0.2486743134432185 
104 0.2486743134432185 0.7454732431142821 
105 0.7454732431142821 0.7570741187906768 
106 0.7570741187906768 0.7338124608175082 
107 0.7338124608175082 0.7793736153341803 
108 0.7793736153341803 0.6860820283898869 
109 0.6860820283898869 0.8593401800541184 
110 0.8593401800541184 0.4822897936447084 
111 0.4822897936447084 0.9962485308775034 
112 0.9962485308775034 0.01491220845165893 
113 0.01491220845165893 0.05861243961810527 
114 0.05861243961810527 0.2201563159450758 
115 0.2201563159450758 0.6850331748533253 
116 0.6850331748533253 0.8608932695727581 
117 0.8608932695727581 0.4778266314285673 
118 0.4778266314285673 0.9955382834875197 
119 0.9955382834875197 0.01772282029698776 
120 0.01772282029698776 0.06946080053145666 
121 0.06946080053145666 0.2578976309067336 
122 0.2578976309067336 0.7636319070889169 
123 0.7636319070889169 0.7201878880829962 
124 0.7201878880829962 0.8040540028267844 
125 0.8040540028267844 0.6286291418263891 
126 0.6286291418263891 0.9314836300532966 
127 0.9314836300532966 0.2546492892141592 
128 0.2546492892141592 0.7573140845803622 
129 0.7573140845803622 0.7333199528875152 
130 0.7333199528875152 0.7802915803424252 
131 0.7802915803424252 0.6840321536566918 
132 0.6840321536566918 0.8623673440177144 
133 0.8623673440177144 0.4735727328782942 
134 0.4735727328782942 0.9947133822143872 
135 0.9947133822143872 0.02098209113742652 
136 0.02098209113742652 0.0819619535258197 
137 0.0819619535258197 0.3002243248832038 
138 0.3002243248832038 0.838257821730197 
139 0.838257821730197 0.5409707676929856 
140 0.5409707676929856 0.9908023708166432 
141 0.9908023708166432 0.03636100087504127 
142 0.03636100087504127 0.139805125176722 
143 0.139805125176722 0.479836012082662 
144 0.479836012082662 0.9958777202291651 
145 0.9958777202291651 0.01638009345550021 
146 0.01638009345550021 0.06428602611561829 
147 0.06428602611561829 0.2400117985179025 
148 0.2400117985179025 0.727800479009516 
149 0.727800479009516 0.7904466976345099 
150 0.7904466976345099 0.6609064561744982 
151 0.6609064561744982 0.8941953583218436 
152 0.8941953583218436 0.3774939777152782 
153 0.3774939777152782 0.9376191752708614 
154 0.9376191752708614 0.233372935166652 
155 0.233372935166652 0.7138509331104311 
156 0.7138509331104311 0.8150284358471137 
157 0.8150284358471137 0.6015207675848067 
158 0.6015207675848067 0.9563771996584769 
159 0.9563771996584769 0.166462208011228 
160 0.166462208011228 0.5536226398478662 
161 0.5536226398478662 0.9860272038580268 
162 0.9860272038580268 0.05497245286869284 
163 0.05497245286869284 0.2072824243542258 
164 0.2072824243542258 0.6556225194231613 
165 0.6556225194231613 0.9008687094790673 
166 0.9008687094790673 0.3563240682647428 
167 0.3563240682647428 0.9151353342936227 
168 0.9151353342936227 0.3098739903414793 
169 0.3098739903414793 0.853269880800799 
170 0.853269880800799 0.4995495613627672 
171 0.4995495613627672 0.9974991904490861 
172 0.9974991904490861 0.009953276454990865 
173 0.009953276454990865 0.03931829288377754 
174 0.03931829288377754 0.1507117352666473 
175 0.1507117352666473 0.5107108553970577 
176 0.5107108553970577 0.9970422575308867 
177 0.9970422575308867 0.01176648697211278 
178 0.01176648697211278 0.04639586665822702 
179 0.04639586665822702 0.1765307279588836 
180 0.1765307279588836 0.580016843880309 
181 0.580016843880309 0.9719532457347826 
182 0.9719532457347826 0.1087679340232117 
183 0.1087679340232117 0.3867805075006204 
184 0.3867805075006204 0.94635357260755 
185 0.94635357260755 0.2025662679997015 
186 0.2025662679997015 0.6445173685228146 
187 0.6445173685228146 0.9141677734790117 
188 0.9141677734790117 0.3130755710916379 
189 0.3130755710916379 0.8580864389303579 
190 0.8580864389303579 0.4858786679941586 
191 0.4858786679941586 0.9967043460496994 
192 0.9967043460496994 0.01310632253520857 
193 0.01310632253520857 0.0516088419107985 
194 0.0516088419107985 0.1952920236962246 
195 0.1952920236962246 0.6270406662156629 
196 0.6270406662156629 0.9331040698186474 
197 0.9331040698186474 0.2490592501790317 
198 0.2490592501790317 0.746244672916368 
199 0.746244672916368 0.7555606086306407 
200 0.7555606086306407 0.7369082135121826 
201 0.7369082135121826 0.7735592484981598 
202 0.7735592484981598 0.698909696868877 
203 0.698909696868877 0.8396353806412106 
204 0.8396353806412106 0.5372447547846331 
205 0.5372447547846331 0.9919651846817199 
206 0.9919651846817199 0.0318013256737141 
207 0.0318013256737141 0.1228521054228428 
208 0.1228521054228428 0.42996026780791 
209 0.42996026780791 0.9779267992986966 
210 0.9779267992986966 0.08612803830329234 
211 0.08612803830329234 0.3140528972920626 
212 0.3140528972920626 0.85954046322815 
213 0.85954046322815 0.4817153146537324 
214 0.4817153146537324 0.9961660244243342 
215 0.9961660244243342 0.01523891206573441 
216 0.01523891206573441 0.05987668362290104 
217 0.05987668362290104 0.224602950861084 
218 0.224602950861084 0.6948842966490543 
219 0.6948842966490543 0.8459602425692176 
220 0.8459602425692176 0.5199429271401779 
221 0.5199429271401779 0.9959130958317555 
222 0.9959130958317555 0.01624010351643083 
223 0.01624010351643083 0.0637456865912837 
224 0.0637456865912837 0.2381318743888353 
225 0.2381318743888353 0.7238860883076922 
226 0.7238860883076922 0.7975013276544982 
227 0.7975013276544982 0.6443569105748055 
228 0.6443569105748055 0.9143527186534975 
229 0.9143527186534975 0.3124641799323775 
230 0.3124641799323775 0.8571729616043416 
231 0.8571729616043416 0.4884856272401462 
232 0.4884856272401462 0.9969710026875892 
233 0.9969710026875892 0.0120490917258919 
234 0.0120490917258919 0.04749660534674705 
235 0.04749660534674705 0.1805103045308568 
236 0.1805103045308568 0.5902260746112462 
237 0.5902260746112462 0.9650184292863808 
238 0.9650184292863808 0.1346938630918687 
239 0.1346938630918687 0.465040191085658 
240 0.465040191085658 0.992623468925084 
241 0.992623468925084 0.02921525027822496 
242 0.02921525027822496 0.1131632605233285 
243 0.1131632605233285 0.4004257745943205 
244 0.4004257745943205 0.9579390448030871 
245 0.9579390448030871 0.1607644066668963 
246 0.1607644066668963 0.5383276567415892 
247 0.5383276567415892 0.9916386530075088 
248 0.9916386530075088 0.03308282512715999 
249 0.03308282512715999 0.1276335237169753 
250 0.1276335237169753 0.4442593972888489 
251 0.4442593972888489 0.9851030109854965 
252 0.9851030109854965 0.05855352424389314 
253 0.05855352424389314 0.2199487860796267 
254 0.2199487860796267 0.6845695571510839 
255 0.6845695571510839 0.8615769735064805 
256 0.8615769735064805 0.4758557479972765 
257 0.4758557479972765 0.9951740498299638 
258 0.9951740498299638 0.01916261489622009 
259 0.01916261489622009 0.07499368225537142 
260 0.07499368225537142 0.2767848232098358 
261 0.2767848232098358 0.7986981895536376 
262 0.7986981895536376 0.641509772313943 
263 0.641509772313943 0.9176001875152274 
264 0.9176001875152274 0.3016842327151151 
265 0.3016842327151151 0.8405767172203675 
266 0.8405767172203675 0.5346899237527173 
267 0.5346899237527173 0.9926984706682225 
268 0.9926984706682225 0.02892038583476692 
269 0.02892038583476692 0.1120551485005612 
270 0.1120551485005612 0.3970001808583627 
271 0.3970001808583627 0.955170238654592 
272 0.955170238654592 0.1708520148340557 
273 0.1708520148340557 0.5652297994061851 
274 0.5652297994061851 0.9805228423450211 
275 0.9805228423450211 0.07620021395880147 
276 0.07620021395880147 0.2808710279922231 
277 0.2808710279922231 0.8059101495709916 
278 0.8059101495709916 0.6241117317539197 
279 0.6241117317539197 0.936039149383762 
280 0.936039149383762 0.2388807422166944 
281 0.2388807422166944 0.7254487655266355 
282 0.7254487655266355 0.7946996879488394 
283 0.7946996879488394 0.6509768547521982 
284 0.6509768547521982 0.9065518974232433 
285 0.9065518974232433 0.3380150632592271 
286 0.3380150632592271 0.8928059122736605 
287 0.8928059122736605 0.3818570259786009 
288 0.3818570259786009 0.9418085283806222 
289 0.9418085283806222 0.2186728447580942 
290 0.2186728447580942 0.6817115765767515 
291 0.6817115765767515 0.8657538027225856 
292 0.8657538027225856 0.463734381617932 
293 0.463734381617932 0.9922523716442312 
294 0.9922523716442312 0.03067353441641249 
295 0.03067353441641249 0.1186333481242424 
296 0.1186333481242424 0.4171923125799282 
297 0.4171923125799282 0.9701401187475173 
298 0.9701401187475173 0.1155833922888408 
299 0.1155833922888408 0.4078732481462204 
