0.8572837342933087 0.4649236661958277 0.16891509677589 0.5474928687426188 0.0 0.0 
0.4649236661958277 0.9453246730660614 0.5474928687426188 0.9662032669325259 0.0 0.0 
0.9453246730660614 0.196406555122701 0.9662032669325259 0.127352604215616 0.0 0.0 
0.196406555122701 0.5997578768646309 0.127352604215616 0.4334222818189551 0.0 0.0 
0.5997578768646309 0.9121837908131524 0.4334222818189551 0.9577128890230409 0.0 0.0 
0.9121837908131524 0.3043971858454179 0.9577128890230409 0.1579457537665077 0.0 0.0 
0.3043971858454179 0.8046102485602703 0.1579457537665077 0.5186956812711862 0.0 0.0 
0.8046102485602703 0.5974078665937913 0.5186956812711862 0.9736368388570442 0.0 0.0 
0.5974078665937913 0.9139444885974555 0.9736368388570442 0.1001057650222746 0.0 0.0 
0.9139444885974555 0.298869849367206 0.1001057650222746 0.3513299432431612 0.0 0.0 
0.298869849367206 0.7962773175244325 0.3513299432431612 0.8887991354732815 0.0 0.0 
0.7962773175244325 0.6164350542580009 0.8887991354732815 0.3854574057953927 0.0 0.0 
0.6164350542580009 0.8984829369317582 0.3854574057953927 0.9238319770402267 0.0 0.0 
0.8984829369317582 0.3466031261021136 0.9238319770402267 0.2744291754288737 0.0 0.0 
0.3466031261021136 0.8605837164977526 0.2744291754288737 0.7765594320989785 0.0 0.0 
0.8605837164977526 0.4559216569073399 0.7765594320989785 0.676708034016653 0.0 0.0 
0.4559216569073399 0.942616978746782 0.676708034016653 0.8532196557844807 0.0 0.0 
0.942616978746782 0.2055427984752689 0.8532196557844807 0.4884199115932226 0.0 0.0 
0.2055427984752689 0.6205208345868508 0.4884199115932226 0.9744770160547157 0.0 0.0 
0.6205208345868508 0.894803968035858 0.9744770160547157 0.09699908881967091 0.0 0.0 
0.894803968035858 0.3576933419279364 0.09699908881967091 0.3416020357925156 0.0 0.0 
0.3576933419279364 0.8730454972597709 0.3416020357925156 0.8771493312462054 0.0 0.0 
0.8730454972597709 0.421180816501999 0.8771493312462054 0.420257689568106 0.0 0.0 
0.421180816501999 0.9263926379882921 0.420257689568106 0.9502005393152354 0.0 0.0 
0.9263926379882921 0.2591194094236641 0.9502005393152354 0.1845459501610576 0.0 0.0 
0.2591194094236641 0.7295108561176634 0.1845459501610576 0.5869060955168192 0.0 0.0 
0.7295108561176634 0.7498341143117213 0.5869060955168192 0.9455445891918839 0.0 0.0 
0.7498341143117213 0.7128150782390954 0.9455445891918839 0.2008110742631581 0.0 0.0 
0.7128150782390954 0.7778970214015333 0.2008110742631581 0.6258953481940947 0.0 0.0 
0.7778970214015333 0.6565383328853919 0.6258953481940947 0.9131864090820419 0.0 0.0 
0.6565383328853919 0.8568838512823565 0.9131864090820419 0.3091802662645615 0.0 0.0 
0.8568838512823565 0.4660088834367169 0.3091802662645615 0.8329925339468318 0.0 0.0 
0.4660088834367169 0.945609495180169 0.8329925339468318 0.5425522921091054 0.0 0.0 
0.945609495180169 0.1954422756600447 0.5425522921091054 0.9679382795014193 0.0 0.0 
0.1954422756600447 0.5975294516704977 0.9679382795014193 0.1210316896512811 0.0 0.0 
0.5975294516704977 0.9138544230160378 0.1210316896512811 0.4148937770306047 0.0 0.0 
0.9138544230160378 0.2991531628902372 0.4148937770306047 0.946752030166346 0.0 0.0 
0.2991531628902372 0.7967100824874167 0.946752030166346 0.1966092318147682 0.0 0.0 
0.7967100824874167 0.6154598824111794 0.1966092318147682 0.6160207629419023 0.0 0.0 
0.6154598824111794 0.899342259103667 0.6160207629419023 0.9225028120088777 0.0 0.0 
0.899342259103667 0.3439978883571226 0.9225028120088777 0.2788163579939046 0.0 0.0 
0.3439978883571226 0.8575206964192603 0.2788163579939046 0.7842034063847857 0.0 0.0 
0.8575206964192603 0.464280016201171 0.7842034063847857 0.6599908528172089 0.0 0.0 
0.464280016201171 0.9451515144781633 0.6599908528172089 0.8751714153578065 0.0 0.0 
0.9451515144781633 0.1969924907996309 0.8751714153578065 0.4260609954838388 0.0 0.0 
0.1969924907996309 0.6011085075991153 0.4260609954838388 0.9536787920835206 0.0 0.0 
0.6011085075991153 0.9111528648261027 0.9536787920835206 0.172284659093187 0.0 0.0 
0.9111528648261027 0.3076226226320964 0.172284659093187 0.5561503558038924 0.0 0.0 
0.3076226226320964 0.8093655897727794 0.5561503558038924 0.9627038364180756 0.0 0.0 
0.8093655897727794 0.5863131410852535 0.9627038364180756 0.1400301230795796 0.0 0.0 
0.5863131410852535 0.9216901583687892 0.1400301230795796 0.4696445820685999 0.0 0.0 
0.9216901583687892 0.2742741592726408 0.4696445820685999 0.971406339548619 0.0 0.0 
0.2742741592726408 0.7563818103461222 0.971406339548619 0.1083266458301513 0.0 0.0 
0.7563818103461222 0.7002197958298512 0.1083266458301513 0.3767087361700271 0.0 0.0 
0.7002197958298512 0.7976657267598403 0.3767087361700271 0.9157171306265112 0.0 0.0 
0.7976657267598403 0.6133014374276372 0.9157171306265112 0.3009991424842749 0.0 0.0 
0.6133014374276372 0.9012185802519586 0.3009991424842749 0.8205547689612238 0.0 0.0 
0.9012185802519586 0.3382898732702902 0.8205547689612238 0.574254096375244 0.0 0.0 
0.3382898732702902 0.8506293726696325 0.574254096375244 0.9534966837688342 0.0 0.0 
0.8506293726696325 0.48282436348094 0.9534966837688342 0.1729289554616128 0.0 0.0 
0.48282436348094 0.9488789905386276 0.1729289554616128 0.5577956741158165 0.0 0.0 
0.9488789905386276 0.1843290770414862 0.5577956741158165 0.9619726742086435 0.0 0.0 
0.1843290770414862 0.5713370999143763 0.9619726742086435 0.1426668683096066 0.0 0.0 
0.5713370999143763 0.9306618690680638 0.1426668683096066 0.4770208286857102 0.0 0.0 
0.9306618690680638 0.245215347217047 0.4770208286857102 0.9729406349742631 0.0 0.0 
0.245215347217047 0.7033221666838264 0.9729406349742631 0.1026759075815492 0.0 0.0 
0.7033221666838264 0.7929083668329784 0.1026759075815492 0.3593209057770322 0.0 0.0 
0.7929083668329784 0.623977816829102 0.3593209057770322 0.897816630549561 0.0 0.0 
0.623977816829102 0.8915921035503006 0.897816630549561 0.3577935209869571 0.0 0.0 
0.8915921035503006 0.3672913728607924 0.3577935209869571 0.8961315375741805 0.0 0.0 
0.3672913728607924 0.8830759970747416 0.8961315375741805 0.3630112392625508 0.0 0.0 
0.8830759970747416 0.3923605657677317 0.3630112392625508 0.9018129097833098 0.0 0.0 
0.3923605657677317 0.9059722583529973 0.9018129097833098 0.3453309035727321 0.0 0.0 
0.9059722583529973 0.3237087967015153 0.3453309035727321 0.881702135380453 0.0 0.0 
0.3237087967015153 0.831901364230375 0.881702135380453 0.4067835713994092 0.0 0.0 
0.831901364230375 0.5313976408036606 0.4067835713994092 0.9411117200119088 0.0 0.0 
0.5313976408036606 0.9462539149774643 0.9411117200119088 0.216139756825728 0.0 0.0 
0.9462539149774643 0.1932582847956872 0.216139756825728 0.6607511131456684 0.0 0.0 
0.1932582847956872 0.5924561765833618 0.6607511131456684 0.8742204105274712 0.0 0.0 
0.5924561765833618 0.9175170505640276 0.8742204105274712 0.4288404289441385 0.0 0.0 
0.9175170505640276 0.287582147455598 0.4288404289441385 0.9552516302438685 0.0 0.0 
0.287582147455598 0.7785388924976139 0.9552516302438685 0.1667092173251701 0.0 0.0 
0.7785388924976139 0.6551811243915702 0.1667092173251701 0.5417772913175973 0.0 0.0 
0.6551811243915702 0.8584915108037585 0.5417772913175973 0.9681931659276418 0.0 0.0 
0.8584915108037585 0.461638579390227 0.9681931659276418 0.1201011215767414 0.0 0.0 
0.461638579390227 0.9444079253534402 0.1201011215767414 0.4121396844737258 0.0 0.0 
0.9444079253534402 0.1995060643555942 0.4121396844737258 0.9448942033269318 0.0 0.0 
0.1995060643555942 0.6068728996355558 0.9448942033269318 0.2030696765997693 0.0 0.0 
0.6068728996355558 0.906597096629256 0.2030696765997693 0.6311462938771943 0.0 0.0 
0.906597096629256 0.3217794438481058 0.6311462938771943 0.9079225334488786 0.0 0.0 
0.3217794438481058 0.8293022467866563 0.9079225334488786 0.3260369061481291 0.0 0.0 
0.8293022467866563 0.5379281149927884 0.3260369061481291 0.8569736837121922 0.0 0.0 
0.5379281149927884 0.9445335407537564 0.8569736837121922 0.4780221776340963 0.0 0.0 
0.9445335407537564 0.1990817383507279 0.4780221776340963 0.9731162037638059 0.0 0.0 
0.1990817383507279 0.6059031592627248 0.9731162037638059 0.102028125170887 0.0 0.0 
0.6059031592627248 0.9073811792610609 0.102028125170887 0.3573117086955032 0.0 0.0 
0.9073811792610609 0.319354184178696 0.3573117086955032 0.895596200945952 0.0 0.0 
0.319354184178696 0.8259949390597711 0.895596200945952 0.3646642186088067 0.0 0.0 
0.8259949390597711 0.5461637388881814 0.3646642186088067 0.9035684824734169 0.0 0.0 
0.5461637388881814 0.9419018550050825 0.9035684824734169 0.3398166718210031 0.0 0.0 
