0.725 0.5781875000000001 0.875 0.3828125 0.9 0.3239999999999999 0.925 0.2566874999999998 
0.5781875000000001 0.707271473046875 0.3828125 0.826934814453125 0.3239999999999999 0.7884863999999999 0.2566874999999998 0.7059564011718748 
0.707271473046875 0.6004117557368378 0.826934814453125 0.5008976948447526 0.7884863999999999 0.6003921492541442 0.7059564011718748 0.7680532550204203 
0.6004117557368378 0.6957606899985522 0.5008976948447526 0.87499717950388 0.6003921492541442 0.863717098925281 0.7680532550204203 0.6591455741499428 
0.6957606899985522 0.6138654815287431 0.87499717950388 0.3828199037744718 0.863717098925281 0.4237555390177584 0.6591455741499428 0.8312889390453947 
0.6138654815287431 0.6874004911370597 0.3828199037744718 0.826940887670016 0.4237555390177584 0.8790724158102988 0.8312889390453947 0.518916263804854 
0.6874004911370597 0.6231550621726075 0.826940887670016 0.500883795893397 0.8790724158102988 0.3826947728582781 0.518916263804854 0.9236760473655612 
0.6231550621726075 0.6810152089176574 0.500883795893397 0.8749972661668659 0.3826947728582781 0.8504621412668244 0.9236760473655612 0.2608448454881705 
0.6810152089176574 0.6299771330074409 0.8749972661668659 0.3828196762858185 0.8504621412668244 0.4578346351392207 0.2608448454881705 0.713377804660565
0.6299771330074409 0.6760072401959815 0.3828196762858185 0.8269407010698389 0.4578346351392207 0.8935994952221666 0.7133778046605651 0.7565386761694797
0.6760072401959815 0.6351622090559228 0.8269407010698389 0.5008842229438679 0.8935994952221666 0.3422859744990802 0.7565386761694797 0.6814952582280802
0.6351622090559228 0.6720204140050567 0.5008842229438679 0.8749972635242493 0.3422859744990802 0.8104546301770629 0.6814952582280802 0.8031200435906732
0.6720204140050567 0.6391860337800337 0.8749972635242493 0.3828196832226365 0.8104546301770629 0.5530245213658432 0.8031200435906732 0.5850374849422769
0.6391860337800337 0.6688190192016916 0.3828196832226365 0.8269407067598487 0.5530245213658432 0.8898782404821237 0.5850374849422769 0.8982439167723606
0.6688190192016916 0.6423504023917588 0.8269407067598487 0.5008842099217973 0.8898782404821237 0.3527818473548279 0.8982439167723606 0.3381865961890938
0.6423504023917588 0.6662354525228226 0.5008842099217973 0.8749972636048496 0.3527818473548279 0.8219765359142742 0.3381865961890938 0.8281207626843758
0.6662354525228226 0.6448607455411439 0.8749972636048496 0.3828196830110622 0.8219765359142742 0.5267919971543187 0.8281207626843758 0.5266460308530669
0.6448607455411439 0.6641445567636655 0.3828196830110622 0.8269407065863021 0.5267919971543187 0.8974158799985388 0.5266460308530669 0.9223729594471765
0.6641445567636655 0.6468640370060934 0.8269407065863021 0.5008842103189732 0.8974158799985388 0.3314182259699533 0.9223729594471765 0.2649240075729852
0.6468640370060934 0.6624497684393912 0.5008842103189732 0.8749972636023914 0.3314182259699533 0.7976886676735762 0.2649240075729852 0.7205353278024802
0.6624497684393912 0.6484692109285657 0.8749972636023914 0.382819683017515 0.7976886676735762 0.5809732456994321 0.7205353278024802 0.7450474260068947 
0.6484692109285657 0.6610749908781223 0.382819683017515 0.8269407065915954 0.5809732456994321 0.8763960005312379 0.7450474260068947 0.7028215083273633 
0.6610749908781223 0.6497590572094772 0.8269407065915954 0.5008842103068593 0.8763960005312379 0.3899737828227181 0.7028215083273633 0.7727947123113093
0.6497590572094772 0.6599594518728127 0.5008842103068593 0.8749972636024664 0.3899737828227181 0.8564192335211675 0.7727947123113093 0.6496572662594631
0.6599594518728127 0.650797623893993 0.8749972636024664 0.382819683017318 0.8564192335211675 0.4426751879142606 0.6496572662594631 0.8421299998262535 
0.650797623893993 0.659054222220985 0.382819683017318 0.8269407065914337 0.4426751879142606 0.8881699173096048 0.8421299998262535 0.4919041339098849 
0.659054222220985 0.6516350877416648 0.8269407065914337 0.5008842103072292 0.8881699173096048 0.3575668150650764 0.4919041339098849 0.9247574907233286 
0.6516350877416648 0.6583197204801751 0.5008842103072292 0.8749972636024641 0.3575668150650764 0.826966036185458 0.9247574907233286 0.2574499740753593 
0.6583197204801751 0.6523111117105298 0.8749972636024641 0.3828196830173241 0.826966036185458 0.5151355602522111 0.2574499740753593 0.7073270942186378 
0.6523111117105298 0.6577238432235573 0.3828196830173241 0.8269407065914387 0.5151355602522111 0.899175293337066 0.7073270942186378 0.7659572612105675 
0.6577238432235573 0.6528572489084931 0.8269407065914387 0.5008842103072179 0.899175293337066 0.3263727066813622 0.7659572612105675 0.6632869202746837 
0.6528572489084931 0.6572405182227683 0.5008842103072179 0.8749972636024641 0.3263727066813622 0.7914728268534376 0.6632869202746837 0.8263483121686737
0.6572405182227683 0.6532987163442023 0.8749972636024641 0.3828196830173241 0.7914728268534376 0.5941569283418376 0.8263483121686737 0.5309380828352344
0.6532987163442023 0.6568485603449373 0.3828196830173241 0.8269407065914387 0.5941569283418376 0.8680841022428282 0.5309380828352344 0.9214584896127767
0.6568485603449373 0.6536557344413896 0.8269407065914387 0.5008842103072179 0.8680841022428282 0.4122507372339284 0.9214584896127767 0.267779143673273 
0.6536557344413896 0.6565307542925037 0.5008842103072179 0.8749972636024641 0.4122507372339284 0.8722802407824394 0.267779143673273 0.7254718533814621 
0.6565307542925037 0.6539445565857974 0.8749972636024641 0.3828196830173241 0.8722802407824394 0.4010667203626882 0.7254718533814621 0.7369010403310953
0.6539445565857974 0.6562731131430464 0.3828196830173241 0.8269407065914387 0.4010667203626882 0.8647639422487397 0.7369010403310953 0.7173482192331657
0.6562731131430464 0.6541782709148838 0.8269407065914387 0.5008842103072179 0.8647639422487397 0.4210101591665692 0.7173482192331657 0.7502110809058354
0.6541782709148838 0.6560642762553204 0.5008842103072179 0.8749972636024641 0.4210101591665692 0.8775381781623933 0.7502110809058354 0.6933593354701539
0.6560642762553204 0.6543674308630187 0.8749972636024641 0.3828196830173241 0.8775381781623933 0.3868737265073554 0.6933593354701539 0.7866650193301997
0.6543674308630187 0.6558950192373783 0.3828196830173241 0.8269407065914387 0.3868737265073554 0.8539288064844026 0.7866650193301997 0.6209457167619401
0.6558950192373783 0.6545205546332347 0.8269407065914387 0.5008842103072179 0.8539288064844026 0.4490438397858947 0.6209457167619401 0.8708768943086801
0.6545205546332347 0.6557578547679288 0.5008842103072179 0.8749972636024641 0.4490438397858947 0.890652491050444 0.8708768943086801 0.4160662182914081 
0.6557578547679288 0.6546445229664691 0.8749972636024641 0.3828196830173241 0.890652491050444 0.350606272449898 0.4160662182914081 0.8989339450659495 
0.6546445229664691 0.6556467073977723 0.3828196830173241 0.8269407065914387 0.350606272449898 0.8196534510072693 0.8989339450659495 0.3361513176542366 
0.6556467073977723 0.6547448971810735 0.8269407065914387 0.5008842103072179 0.8196534510072693 0.5321580165329158 0.3361513176542366 0.8256683543861615
0.6547448971810735 0.655556648709615 0.5008842103072179 0.8749972636024641 0.5321580165329158 0.8962771031016074 0.8256683543861615 0.5325784549202153 
0.655556648709615 0.6548261742224769 0.8749972636024641 0.3828196830173241 0.8962771031016074 0.334672047206633 0.5325784549202153 0.9210729838175427 
0.6548261742224769 0.6554836817493306 0.3828196830173241 0.8269407065914387 0.334672047206633 0.8016000048905553 0.9210729838175427 0.2689809065062684 
0.6554836817493306 0.6548919916580513 0.8269407065914387 0.5008842103072179 0.8016000048905553 0.5725347733800614 0.2689809065062684 0.7275316602329377
0.6548919916580513 0.6554245656685863 0.5008842103072179 0.8749972636024641 0.5725347733800614 0.8810593439425313 0.7275316602329377 0.7334485712890791
0.6554245656685863 0.6549452927215208 0.8749972636024641 0.3828196830173241 0.8810593439425313 0.3772575950187156 0.7334485712890791 0.7233565288834246
0.6549452927215208 0.6553766731639824 0.3828196830173241 0.8269407065914387 0.3772575950187156 0.8457634872698773 0.7233565288834246 0.7404138857190472
0.6553766731639824 0.6549884593658297 0.8269407065914387 0.5008842103072179 0.8457634872698773 0.4696113991355043 0.7404138857190472 0.711144305147835 
0.6549884593658297 0.6553378746438789 0.5008842103072179 0.8749972636024641 0.4696113991355043 0.8966755185749942 0.711144305147835 0.7600469048934604 
0.6553378746438789 0.6550234196332554 0.8749972636024641 0.3828196830173241 0.8966755185749942 0.333534718667734 0.7600469048934604 0.6747897468447268 
0.6550234196332554 0.6553064441591137 0.3828196830173241 0.8269407065914387 0.333534718667734 0.8002415163994905 0.6747897468447268 0.8119596142724385 
0.6553064441591137 0.6550517343676912 0.8269407065914387 0.5008842103072179 0.8002415163994905 0.5754781145884842 0.8119596142724385 0.5649204365330682
0.6550517343676912 0.6552809830417558 0.5008842103072179 0.8749972636024641 0.5754781145884842 0.8794909951854036 0.5649204365330682 0.9094057466053168
0.6552809830417558 0.6550746672861992 0.8749972636024641 0.3828196830173241 0.8794909951854036 0.381551704463491 0.9094057466053168 0.3048316581922095 
0.6550746672861992 0.6552603579416163 0.3828196830173241 0.8269407065914387 0.381551704463491 0.8494920046241851 0.3048316581922095 0.7840644779171908 
0.6552603579416163 0.6550932416303394 0.8269407065914387 0.5008842103072179 0.8494920046241851 0.460279219333567 0.7840644779171908 0.6264372778268452 
0.6550932416303394 0.6552436505617201 0.5008842103072179 0.8749972636024641 0.460279219333567 0.8943201344996969 0.6264372778268452 0.8658503746702275 
0.6552436505617201 0.6551082859847845 0.8749972636024641 0.3828196830173241 0.8943201344996969 0.3402418735013073 0.8658503746702275 0.4297679624085203
0.6551082859847845 0.6552301168947007 0.3828196830173241 0.8269407065914387 0.3402418735013073 0.8081184276634597 0.4297679624085203 0.9067496053142712
0.6552301168947007 0.6551204713456869 0.8269407065914387 0.5008842103072179 0.8081184276634597 0.5582269243231106 0.9067496053142712 0.3128526067337331
0.6551204713456869 0.6552191541715267 0.5008842103072179 0.8749972636024641 0.5582269243231106 0.8877946510219347 0.3128526067337331 0.7954106568164726
0.6552191541715267 0.655130341117 0.8749972636024641 0.3828196830173241 0.8877946510219347 0.3586151110995932 0.7954106568164726 0.602110412205263 
0.655130341117 0.6552102740682774 0.3828196830173241 0.8269407065914387 0.3586151110995932 0.8280371274862308 0.602110412205263 0.8864218157613039 
0.6552102740682774 0.6551383353885857 0.8269407065914387 0.5008842103072179 0.8280371274862308 0.5126099147660964 0.8864218157613039 0.3725092671238266
0.6551383353885857 0.6552030809892903 0.5008842103072179 0.8749972636024641 0.5126099147660964 0.8994275641785304 0.3725092671238266 0.8648606182135762
0.6552030809892903 0.6551448105891522 0.8749972636024641 0.3828196830173241 0.8994275641785304 0.3256474355078614 0.8648606182135762 0.4324438983241859
0.6551448105891522 0.6551972544670427 0.3828196830173241 0.8269407065914387 0.3256474355078614 0.7905642597180528 0.4324438983241859 0.9081138405675583
0.6551972544670427 0.6551500553970868 0.8269407065914387 0.5008842103072179 0.7905642597180528 0.5960606795081999 0.9081138405675583 0.3087394446076312
0.6551500553970868 0.6551925348998146 0.5008842103072179 0.8749972636024641 0.5960606795081999 0.8667804450687224 0.3087394446076312 0.7896517798187097
0.6551925348998146 0.6551543036229726 0.8749972636024641 0.3828196830173241 0.8667804450687224 0.4156995784146836 0.7896517798187097 0.6145768318570588
0.6551543036229726 0.6551887119950842 0.3828196830173241 0.8269407065914387 0.4156995784146836 0.8744163801139366 0.6145768318570588 0.8764269535259174
0.6551887119950842 0.6551577446409898 0.8269407065914387 0.5008842103072179 0.8744163801139366 0.395324547488554 0.8764269535259174 0.4007201700390283 
0.6551577446409898 0.6551856154059721 0.5008842103072179 0.8749972636024641 0.395324547488554 0.8605549787094865 0.4007201700390283 0.888531006842806 
0.6551856154059721 0.6551605318361021 0.8749972636024641 0.3828196830173241 0.8605549787094865 0.4320003863800862 0.888531006842806 0.3664615298703472 
0.6551605318361021 0.6551831071449801 0.3828196830173241 0.8269407065914387 0.4320003863800862 0.8833537891711527 0.3664615298703472 0.8590196648830978
0.6551831071449801 0.6551627894448059 0.8269407065914387 0.5008842103072179 0.8833537891711527 0.3709435403812298 0.8590196648830978 0.4480880568407442
0.6551627894448059 0.6551810754379498 0.5008842103072179 0.8749972636024641 0.3709435403812298 0.8400399488304076 0.4480880568407442 0.9150290555824919
0.6551810754379498 0.6551646180951719 0.8749972636024641 0.3828196830173241 0.8400399488304076 0.4837421995178897 0.9150290555824919 0.2876782671825278
0.6551646180951719 0.6551794297450003 0.3828196830173241 0.8269407065914387 0.4837421995178897 0.8990484621245422 0.2876782671825278 0.7582020825615281
0.6551794297450003 0.6551660992936478 0.8269407065914387 0.5008842103072179 0.8990484621245422 0.3267371695537363 0.7582020825615281 0.6783272328752924
0.6551660992936478 0.6551780967269821 0.5008842103072179 0.8749972636024641 0.3267371695537363 0.7919279697086974 0.6783272328752924 0.8073377726556525
0.6551780967269821 0.655167299058955 0.8749972636024641 0.3828196830173241 0.7919279697086974 0.5932010178063284 0.8073377726556525 0.5755109259465311 
0.655167299058955 0.6551770169779716 0.3828196830173241 0.8269407065914387 0.5932010178063284 0.868728853007512 0.5755109259465311 0.9039029702319807 
0.6551770169779716 0.6551682708652731 0.8269407065914387 0.5008842103072179 0.868728853007512 0.4105405186551525 0.9039029702319807 0.3213908453597996 
0.6551682708652731 0.6551761423783756 0.5008842103072179 0.8749972636024641 0.4105405186551525 0.8711892043110393 0.3213908453597996 0.8069654485512382
0.6551761423783756 0.6551690580260416 0.8749972636024641 0.3828196830173241 0.8711892043110393 0.4039868685705751 0.8069654485512382 0.5763571895642274
0.6551690580260416 0.6551754339508017 0.3828196830173241 0.8269407065914387 0.4039868685705751 0.8668133229352175 0.5763571895642274 0.9034274445268548
0.6551754339508017 0.655169695624723 0.8269407065914387 0.5008842103072179 0.8668133229352175 0.4156127500220058 0.9034274445268548 0.3228112989093666 
0.655169695624723 0.6551748601232192 0.5008842103072179 0.8749972636024641 0.4156127500220058 0.8743636513481454 0.3228112989093666 0.8088354075615125 
0.6551748601232192 0.6551702120786441 0.8749972636024641 0.3828196830173241 0.8743636513481454 0.3954666835774231 0.8088354075615125 0.5720965568343636
0.6551702120786441 0.6551743953220589 0.3828196830173241 0.8269407065914387 0.3954666835774231 0.8606620287277107 0.5720965568343636 0.9057677200227289
0.6551743953220589 0.6551706304056568 0.8269407065914387 0.5008842103072179 0.8606620287277107 0.4317224437224431 0.9057677200227289 0.3158044623339584
0.6551706304056568 0.6551740188325821 0.5008842103072179 0.8749972636024641 0.4317224437224431 0.8832174311115543 0.3158044623339584 0.7994664144444962
